Key:	UM = unordered_map
	Ch = separate chaining with an element pool and free-list
	OL = open addressing with linear probing
	DO1 = "data-oriented": OA, linear, with hashes stored separately from keys and values
	DO2 = "data-oriented": OA, linear, with hashes, keys, and values all separate

Fill time (ms)	8 bytes						32 bytes						128 bytes						1K bytes						4K bytes
Elem count	UM	Ch	OL	DO1	DO2	D0		UM	Ch	OL	DO1	DO2	D0		UM	Ch	OL	DO1	DO2	D0		UM	Ch	OL	DO1	DO2	D0		UM	Ch	OL	DO1	DO2	D0
10000	1.49	0.77	0.78	0.77	0.77	0.86		1.59	1.05	1.04	1.02	1.05	1.13		1.91	2.35	2.41	2.00	1.89	1.94
20000	3.00	1.46	1.53	1.53	1.55	1.59		3.24	2.00	2.10	1.98	1.91	2.17		4.25	5.54	5.39	4.64	4.42	4.02
30000	4.01	1.64	2.59	2.64	2.64	1.75		4.43	2.22	3.55	3.36	3.54	2.25		5.56	5.51	10.60	8.97	8.92	4.38
40000	6.26	3.08	3.15	3.11	3.01	3.26		6.91	4.42	4.29	3.78	3.96	4.49		9.25	12.32	11.49	9.62	9.63	9.15
50000	6.96	2.95	4.57	4.71	4.89	3.37		8.34	4.45	7.12	7.18	7.15	4.93		11.94	12.09	22.63	18.65	19.03	9.53
60000	8.23	2.89	4.88	5.13	5.33	3.44		8.93	4.43	7.92	7.25	7.52	4.53		14.84	12.77	23.80	19.76	19.32	9.63
70000	12.53	5.83	5.60	5.31	5.47	5.96		14.97	9.54	9.09	7.46	7.77	9.86		22.01	26.32	25.18	20.02	20.43	19.72
80000	13.33	6.63	6.21	5.92	5.56	6.02		17.10	10.15	9.45	8.27	8.70	9.22		26.97	26.95	26.66	21.58	21.51	19.62
90000	14.08	6.67	9.13	9.14	9.31	6.21		19.09	10.42	15.08	13.74	14.28	9.46		25.05	27.31	46.33	38.46	38.61	19.75
100000	15.86	7.02	9.87	11.68	11.09	6.46		19.92	10.65	16.27	14.96	14.80	10.03		27.80	28.12	47.67	39.75	39.48	19.92

Presized fill time (ms)	8 bytes						32 bytes						128 bytes						1K bytes						4K bytes
Elem count	UM	Ch	OL	DO1	DO2	D0		UM	Ch	OL	DO1	DO2	D0		UM	Ch	OL	DO1	DO2	D0		UM	Ch	OL	DO1	DO2	D0		UM	Ch	OL	DO1	DO2	D0
10000	0.76	0.22	0.34	0.34	0.34	0.22		0.81	0.25	0.43	0.40	0.42	0.24		0.89	0.72	1.24	0.99	0.98	0.58
20000	1.59	0.44	0.72	0.73	0.77	0.43		1.59	0.51	1.13	0.84	0.87	0.47		1.90	1.53	2.57	2.07	2.05	1.20
30000	2.55	0.69	1.14	1.14	1.19	0.69		2.72	1.04	1.71	1.57	1.50	0.71		3.18	2.26	4.38	3.17	3.24	1.79
40000	3.31	0.90	1.48	1.55	1.58	0.86		3.68	1.45	2.35	2.15	2.02	0.99		5.13	3.36	6.49	4.43	4.40	2.38
50000	4.28	1.36	2.10	1.96	2.00	1.07		4.67	1.78	2.91	2.65	2.54	1.46		6.48	4.57	8.65	6.15	5.98	3.09
60000	5.38	1.67	2.52	2.34	2.38	1.29		6.36	2.19	3.59	3.35	3.10	1.76		9.84	6.02	11.14	8.02	7.88	3.84
70000	6.46	2.05	3.16	2.87	2.83	1.51		7.40	2.56	4.42	3.88	3.75	2.34		11.20	7.20	13.17	9.18	9.51	4.98
80000	8.35	2.25	3.47	3.18	3.24	1.73		8.84	3.04	5.79	4.45	4.21	2.67		13.36	8.42	15.28	10.57	10.60	5.76
90000	9.60	2.54	4.07	4.05	3.88	1.95		12.41	3.57	6.34	5.60	5.79	3.10		16.15	9.61	18.71	12.93	13.29	6.53
100000	10.56	2.83	4.38	4.66	4.41	2.22		13.46	4.11	7.60	6.72	6.93	3.48		18.34	10.53	20.08	14.50	14.73	7.50

Time for 100K lookups (ms)	8 bytes						32 bytes						128 bytes						1K bytes						4K bytes
Elem count	UM	Ch	OL	DO1	DO2	D0		UM	Ch	OL	DO1	DO2	D0		UM	Ch	OL	DO1	DO2	D0		UM	Ch	OL	DO1	DO2	D0		UM	Ch	OL	DO1	DO2	D0
10000	2.40	3.19	3.43	3.40	3.43	2.90		2.53	3.43	3.72	3.52	3.65	3.27		2.55	3.86	4.22	3.79	3.84	3.96
20000	2.79	4.07	3.80	3.87	3.74	3.16		2.64	3.70	3.83	3.71	3.87	3.68		2.87	4.05	4.23	3.78	3.79	3.66
30000	2.98	3.90	3.70	3.70	3.74	3.48		3.08	3.83	3.95	3.76	3.92	3.79		3.36	4.17	4.55	4.24	4.07	3.84
40000	2.79	3.88	3.71	3.76	3.73	3.64		2.82	4.00	3.93	3.82	3.86	3.93		4.14	4.78	5.32	5.36	4.35	4.52
50000	3.08	4.15	3.84	3.79	3.81	3.78		3.09	4.12	4.18	3.90	4.02	3.99		5.05	5.45	6.17	5.61	4.91	4.62
60000	3.12	4.02	3.79	3.87	3.85	3.76		3.91	4.04	4.15	3.93	3.94	3.99		5.33	6.40	6.54	6.71	5.50	5.23
70000	3.10	3.91	3.79	3.96	4.07	3.99		5.72	4.17	4.55	4.13	4.01	4.08		6.38	6.74	7.64	7.08	6.15	5.45
80000	3.36	4.11	3.99	3.88	3.93	3.87		5.29	4.16	4.28	4.35	4.53	4.00		6.95	7.20	8.25	7.18	7.54	6.13
90000	3.87	4.10	3.88	3.84	3.91	3.89		5.52	4.42	4.45	4.42	4.94	4.09		6.93	7.61	9.03	7.50	7.90	6.78
100000	3.91	4.12	3.85	3.84	3.84	3.95		5.88	4.94	4.78	4.58	5.39	4.42		7.26	8.08	8.89	7.88	7.46	7.99

Time for 100K failed lookups (ms)	8 bytes						32 bytes						128 bytes						1K bytes						4K bytes
Elem count	UM	Ch	OL	DO1	DO2	D0		UM	Ch	OL	DO1	DO2	D0		UM	Ch	OL	DO1	DO2	D0		UM	Ch	OL	DO1	DO2	D0		UM	Ch	OL	DO1	DO2	D0
10000	2.62	3.62	4.69	4.61	4.36	3.33		2.55	3.50	5.07	4.28	4.39	3.31		2.61	3.75	5.50	4.35	4.34	3.30
20000	2.73	3.82	4.86	4.42	4.30	3.33		2.70	3.84	5.22	4.44	4.39	3.53		2.70	4.05	5.48	4.37	4.35	3.58
30000	3.22	4.10	5.09	4.65	4.57	3.61		3.30	3.90	5.40	4.89	4.62	3.66		3.52	4.19	6.06	5.06	4.69	3.76
40000	2.77	4.00	5.06	4.80	4.74	3.68		3.03	4.01	5.43	4.86	4.72	3.86		3.51	4.55	6.46	5.06	4.86	4.01
50000	3.02	4.09	5.27	4.89	4.83	3.84		3.21	4.11	5.34	4.83	4.78	3.88		3.94	4.60	6.99	5.23	4.91	4.02
60000	3.29	4.15	5.16	4.97	4.81	3.87		3.47	4.20	5.60	5.12	5.04	3.98		4.48	5.56	7.63	5.29	4.91	4.16
70000	2.94	4.21	5.29	4.96	5.10	3.97		3.65	4.13	5.50	4.93	4.94	3.96		4.30	5.21	8.38	5.48	5.00	4.25
80000	3.43	4.16	5.17	4.99	5.02	3.96		4.17	4.38	6.00	5.17	5.01	4.06		4.72	5.51	9.40	5.46	5.15	4.57
90000	3.51	4.14	5.27	5.08	4.97	3.94		4.69	4.53	6.17	5.17	5.09	4.20		5.07	5.60	9.65	5.54	5.02	4.41
100000	3.99	4.74	5.33	5.07	5.12	4.14		4.85	4.51	6.49	5.11	5.12	4.20		5.55	5.83	11.06	5.77	5.09	4.69

Time to remove half the elements (ms)	8 bytes						32 bytes						128 bytes						1K bytes						4K bytes
Elem count	UM	Ch	OL	DO1	DO2	D0		UM	Ch	OL	DO1	DO2	D0		UM	Ch	OL	DO1	DO2	D0		UM	Ch	OL	DO1	DO2	D0		UM	Ch	OL	DO1	DO2	D0
10000	0.35	0.19	0.22	0.22	0.21	0.15		0.36	0.20	0.24	0.22	0.22	0.16		0.38	0.22	0.25	0.22	0.22	0.16
20000	0.75	0.42	0.44	0.45	0.42	0.31		0.76	0.44	0.48	0.44	0.45	0.35		0.80	0.45	0.52	0.45	0.45	0.35
30000	1.22	0.67	0.69	0.69	0.66	0.51		1.23	0.69	0.75	0.69	0.70	0.55		1.44	0.71	0.88	0.74	0.70	0.56
40000	1.65	0.93	0.95	0.96	0.92	0.72		1.59	0.95	1.00	0.97	0.96	0.77		2.26	1.15	1.24	1.13	0.94	0.78
50000	2.03	1.18	1.22	1.20	1.17	0.96		2.23	1.21	1.31	1.23	1.17	0.98		3.21	1.68	1.81	1.67	1.22	1.02
60000	2.58	1.43	1.43	1.41	1.36	1.16		2.92	1.42	1.53	1.50	1.43	1.18		4.33	2.42	2.41	2.12	1.45	1.26
70000	3.03	1.71	1.71	1.69	1.61	1.34		3.80	1.79	1.86	1.73	1.73	1.41		5.63	3.18	2.89	2.57	1.75	1.58
80000	3.55	1.89	1.95	1.97	1.89	1.58		4.71	2.05	2.16	2.06	1.96	1.62		6.58	4.51	3.58	3.13	2.03	1.90
90000	4.72	2.29	2.19	2.22	2.14	1.78		6.03	2.55	2.62	2.39	2.17	1.88		7.61	4.50	4.35	3.65	2.28	2.18
100000	4.99	2.48	2.40	2.41	2.39	1.98		6.70	2.99	3.07	2.92	2.45	2.12		8.83	5.61	5.06	4.09	2.63	2.51

Destruction time (ms)	8 bytes						32 bytes						128 bytes						1K bytes						4K bytes
Elem count	UM	Ch	OL	DO1	DO2		UM	Ch	OL	DO1	DO2		UM	Ch	OL	DO1	DO2		UM	Ch	OL	DO1	DO2		UM	Ch	OL	DO1	DO2
10000	0.21	0.00	0.00	0.00	0.00	0.00		0.21	0.00	0.00	0.00	0.00	0.00		0.23	0.06	0.08	0.08	0.07	0.05
20000	0.42	0.00	0.00	0.00	0.00	0.00		0.43	0.00	0.06	0.00	0.00	0.00		0.47	0.14	0.19	0.18	0.17	0.10
30000	0.65	0.00	0.00	0.00	0.00	0.00		0.68	0.06	0.07	0.07	0.05	0.00		0.87	0.23	0.37	0.31	0.24	0.16
40000	0.90	0.00	0.00	0.00	0.00	0.00		0.96	0.08	0.10	0.10	0.07	0.00		1.77	0.32	0.49	0.45	0.34	0.26
50000	1.15	0.06	0.05	0.00	0.00	0.00		1.32	0.12	0.13	0.10	0.08	0.06		2.54	0.50	0.74	0.71	0.61	0.31
60000	1.44	0.07	0.06	0.00	0.00	0.00		1.65	0.13	0.17	0.13	0.10	0.06		4.03	0.62	0.85	0.80	0.75	0.38
70000	1.72	0.07	0.07	0.00	0.00	0.00		2.37	0.19	0.25	0.17	0.13	0.14		4.29	0.75	0.95	0.97	0.90	0.64
80000	2.12	0.08	0.08	0.00	0.00	0.00		2.95	0.20	0.28	0.21	0.16	0.14		5.77	0.81	1.11	1.08	1.00	0.79
90000	2.29	0.10	0.09	0.10	0.05	0.00		3.29	0.24	0.35	0.31	0.31	0.18		7.04	0.91	1.31	1.34	1.35	0.94
100000	3.16	0.16	0.18	0.17	0.09	0.00		4.24	0.32	0.41	0.34	0.37	0.19		7.93	0.96	1.36	1.39	1.37	0.97
