Key:	UM = unordered_map
	Ch = separate chaining with an element pool and free-list
	OL = open addressing with linear probing
	DO1 = "data-oriented": OA, linear, with hashes stored separately from keys and values
	DO2 = "data-oriented": OA, linear, with hashes, keys, and values all separate

Fill time (ms)	8 bytes						32 bytes						128 bytes						1K bytes						4K bytes
Elem count	UM	Ch	OL	DO1	DO2	D0	D1		UM	Ch	OL	DO1	DO2	D0	D1		UM	Ch	OL	DO1	DO2	D0	D1		UM	Ch	OL	DO1	DO2	D0	D1		UM	Ch	OL	DO1	DO2	D0	D1
1000	0.10	0.04	0.06	0.05	0.05	0.03	0.05		0.10	0.05	0.08	0.07	0.07	0.03	0.07		0.14	0.12	0.25	0.20	0.21	0.11	0.19
2000	0.19	0.06	0.10	0.10	0.10	0.05	0.09		0.21	0.09	0.17	0.18	0.14	0.07	0.13		0.28	0.29	0.57	0.41	0.38	0.20	0.41
3000	0.33	0.14	0.19	0.18	0.19	0.10	0.19		0.36	0.19	0.32	0.27	0.29	0.15	0.28		0.43	0.55	0.94	0.81	0.81	0.39	0.75
4000	0.42	0.12	0.21	0.20	0.21	0.11	0.20		0.45	0.20	0.36	0.29	0.34	0.16	0.30		0.51	0.55	1.00	0.88	0.76	0.41	0.75
5000	0.61	0.24	0.19	0.23	0.24	0.21	0.22		0.65	0.39	0.25	0.32	0.32	0.27	0.31		0.80	1.05	0.97	0.78	0.82	0.79	0.75
6000	0.69	0.24	0.35	0.34	0.39	0.19	0.32		0.72	0.37	0.39	0.54	0.56	0.33	0.55		0.92	1.05	1.90	1.66	1.51	0.84	1.41
7000	0.68	0.26	0.30	0.28	0.30	0.19	0.30		0.74	0.25	0.38	0.35	0.36	0.20	0.53		1.11	0.82	1.95	1.30	1.33	0.78	1.43
8000	0.75	0.26	0.31	0.30	0.35	0.24	0.32		0.82	0.39	0.42	0.38	0.42	0.20	0.50		0.99	0.90	1.74	1.43	1.18	0.42	1.13
9000	1.05	0.29	0.33	0.33	0.34	0.34	0.35		1.20	0.55	0.43	0.41	0.41	0.51	0.43		1.23	2.00	1.76	1.35	1.40	1.43	1.54
10000	1.13	0.31	0.37	0.37	0.36	0.35	0.37		1.19	0.62	0.47	0.45	0.45	0.39	0.47		1.31	1.95	1.82	1.49	1.21	1.14	1.19

Presized fill time (ms)	8 bytes						32 bytes						128 bytes						1K bytes						4K bytes
Elem count	UM	Ch	OL	DO1	DO2	D0	D1		UM	Ch	OL	DO1	DO2	D0	D1		UM	Ch	OL	DO1	DO2	D0	D1		UM	Ch	OL	DO1	DO2	D0	D1		UM	Ch	OL	DO1	DO2	D0	D1
1000	0.07	0.01	0.02	0.02	0.02	0.01	0.02		0.08	0.02	0.02	0.02	0.02	0.01	0.02		0.12	0.04	0.06	0.04	0.05	0.03	0.04
2000	0.14	0.02	0.04	0.04	0.04	0.02	0.03		0.15	0.04	0.05	0.05	0.05	0.02	0.04		0.17	0.08	0.12	0.10	0.10	0.06	0.10
3000	0.21	0.04	0.05	0.05	0.05	0.03	0.05		0.21	0.06	0.08	0.08	0.08	0.03	0.07		0.25	0.13	0.48	0.36	0.21	0.11	0.16
4000	0.27	0.04	0.07	0.08	0.08	0.04	0.07		0.31	0.07	0.11	0.10	0.10	0.04	0.09		0.37	0.15	0.50	0.39	0.20	0.13	0.19
5000	0.33	0.06	0.10	0.10	0.10	0.05	0.09		0.36	0.10	0.13	0.13	0.13	0.06	0.11		0.41	0.50	0.53	0.44	0.23	0.19	0.23
6000	0.41	0.07	0.11	0.11	0.11	0.06	0.09		0.46	0.12	0.17	0.17	0.17	0.06	0.15		0.51	0.51	1.02	0.76	0.71	0.21	0.66
7000	0.49	0.08	0.13	0.13	0.13	0.07	0.12		0.55	0.13	0.21	0.23	0.21	0.07	0.19		0.61	0.54	1.01	0.77	0.73	0.23	0.79
8000	0.56	0.09	0.15	0.15	0.15	0.08	0.14		0.63	0.14	0.24	0.23	0.23	0.08	0.20		0.70	0.55	1.06	0.80	0.77	0.25	0.72
9000	0.62	0.12	0.18	0.18	0.18	0.10	0.16		0.67	0.19	0.26	0.26	0.26	0.10	0.23		0.87	1.01	1.06	0.84	0.80	0.70	0.79
10000	0.70	0.13	0.20	0.20	0.20	0.11	0.18		0.78	0.21	0.30	0.28	0.30	0.11	0.27		0.90	1.10	1.20	0.90	0.85	0.73	0.84

Time for 100K lookups (ms)	8 bytes						32 bytes						128 bytes						1K bytes						4K bytes
Elem count	UM	Ch	OL	DO1	DO2	D0	D1		UM	Ch	OL	DO1	DO2	D0	D1		UM	Ch	OL	DO1	DO2	D0	D1		UM	Ch	OL	DO1	DO2	D0	D1		UM	Ch	OL	DO1	DO2	D0	D1
1000	1.76	1.97	1.76	1.74	1.76	1.61	1.53		1.77	2.13	1.81	1.85	1.76	1.67	1.57		1.74	2.23	1.93	1.89	1.84	1.68	1.63
2000	1.84	2.19	1.80	1.75	1.78	1.66	1.55		1.80	2.30	1.81	1.90	1.76	1.79	1.63		1.86	2.45	2.06	1.88	1.87	1.81	1.66
3000	1.70	2.02	1.53	1.52	1.53	1.55	1.35		1.73	2.10	1.67	1.70	1.61	1.67	1.45		1.92	2.40	1.96	1.78	1.69	1.70	1.54
4000	1.98	2.34	1.82	1.77	1.78	1.81	1.58		2.00	2.36	1.90	1.94	1.83	2.06	1.66		2.09	2.81	2.37	2.05	1.99	1.96	1.79
5000	1.80	1.93	2.06	2.01	2.07	1.52	1.85		1.82	2.01	2.26	2.33	2.07	1.53	1.88		1.90	2.33	2.64	2.19	2.13	1.51	1.90
6000	1.90	2.08	1.59	1.67	1.66	1.68	1.44		2.09	2.46	1.90	2.59	1.80	1.72	1.56		2.07	2.62	2.08	1.85	1.81	1.68	1.62
7000	2.13	2.21	1.70	1.70	1.82	1.86	1.48		2.17	2.50	1.90	2.02	1.87	1.80	1.59		2.19	2.83	2.22	1.94	1.90	1.83	1.74
8000	2.19	2.41	1.79	1.82	1.84	1.89	1.59		2.28	2.81	2.07	2.05	1.97	2.01	1.74		2.30	2.98	2.45	2.06	2.02	1.95	1.78
9000	1.97	2.06	1.94	1.92	1.97	1.39	1.75		1.93	2.21	2.22	2.24	2.13	1.52	1.86		2.01	2.50	2.70	2.24	2.22	1.66	2.04
10000	2.04	2.26	2.07	2.04	2.06	1.50	1.83		2.01	2.36	2.39	2.47	2.18	1.63	1.94		2.04	2.50	2.80	2.33	2.39	1.70	2.08

Time for 100K failed lookups (ms)	8 bytes						32 bytes						128 bytes						1K bytes						4K bytes
Elem count	UM	Ch	OL	DO1	DO2	D0	D1		UM	Ch	OL	DO1	DO2	D0	D1		UM	Ch	OL	DO1	DO2	D0	D1		UM	Ch	OL	DO1	DO2	D0	D1		UM	Ch	OL	DO1	DO2	D0	D1
1000	1.97	2.08	2.11	2.07	2.05	1.73	1.97		1.94	2.22	2.21	2.17	2.09	1.75	1.92		2.05	2.29	2.36	2.16	2.12	1.73	1.95
2000	2.11	2.33	2.29	2.17	2.16	1.78	2.01		2.11	2.47	2.34	2.27	2.15	1.78	2.00		2.14	2.54	2.61	2.20	2.14	1.75	2.03
3000	1.98	2.16	2.02	2.00	2.00	1.65	1.81		1.96	2.20	2.16	2.08	1.96	1.67	1.80		1.98	2.37	2.41	2.01	1.99	1.67	1.86
4000	2.13	2.47	2.25	2.20	2.18	1.91	2.03		2.18	2.50	2.46	2.27	2.20	1.96	2.05		2.23	2.70	2.80	2.21	2.28	1.95	2.10
5000	1.92	2.09	2.53	2.48	2.46	1.66	2.33		1.93	2.17	2.79	2.60	2.48	1.68	2.30		1.90	2.30	3.40	2.52	2.45	1.67	2.37
6000	2.20	2.25	2.09	1.96	1.96	1.82	1.84		2.15	2.42	2.38	2.07	1.98	1.81	1.82		2.12	2.52	2.60	2.00	2.02	1.80	1.86
7000	2.26	2.39	2.27	2.13	2.20	1.96	1.95		2.28	2.61	2.55	2.18	2.11	1.95	1.94		2.29	2.80	2.86	2.13	2.09	1.94	1.98
8000	2.41	2.56	2.32	2.22	2.21	2.07	2.08		2.34	2.81	2.74	2.30	2.26	2.12	2.08		2.49	3.16	3.07	2.25	2.22	2.08	2.11
9000	2.01	2.21	2.47	2.34	2.34	1.66	2.23		1.97	2.30	2.95	2.43	2.37	1.66	2.19		2.02	2.40	3.36	2.38	2.34	1.65	2.25
10000	2.16	2.31	2.59	2.54	2.47	1.72	2.36		2.11	2.42	3.20	2.67	2.51	1.77	2.33		2.11	2.55	3.48	2.57	2.49	1.76	2.45

Time to remove half the elements (ms)	8 bytes						32 bytes						128 bytes						1K bytes						4K bytes
Elem count	UM	Ch	OL	DO1	DO2	D0	D1		UM	Ch	OL	DO1	DO2	D0	D1		UM	Ch	OL	DO1	DO2	D0	D1		UM	Ch	OL	DO1	DO2	D0	D1		UM	Ch	OL	DO1	DO2	D0	D1
1000	0.03	0.01	0.01	0.01	0.01	0.01	0.01		0.03	0.01	0.01	0.01	0.01	0.01	0.01		0.03	0.01	0.01	0.01	0.01	0.01	0.01
2000	0.05	0.02	0.02	0.02	0.02	0.01	0.02		0.06	0.02	0.02	0.02	0.02	0.01	0.02		0.06	0.02	0.02	0.02	0.02	0.01	0.02
3000	0.08	0.03	0.03	0.03	0.03	0.02	0.02		0.08	0.03	0.03	0.03	0.03	0.02	0.02		0.09	0.03	0.04	0.03	0.03	0.02	0.02
4000	0.11	0.05	0.05	0.04	0.04	0.04	0.04		0.12	0.04	0.05	0.05	0.04	0.04	0.04		0.13	0.06	0.06	0.05	0.05	0.04	0.04
5000	0.14	0.05	0.07	0.07	0.07	0.04	0.06		0.15	0.05	0.07	0.07	0.07	0.04	0.06		0.16	0.06	0.08	0.07	0.07	0.04	0.06
6000	0.18	0.06	0.06	0.06	0.06	0.06	0.05		0.19	0.07	0.07	0.07	0.06	0.06	0.05		0.20	0.08	0.08	0.07	0.06	0.06	0.05
7000	0.21	0.08	0.08	0.08	0.08	0.07	0.07		0.23	0.09	0.09	0.08	0.08	0.07	0.07		0.24	0.12	0.11	0.08	0.08	0.08	0.07
8000	0.26	0.10	0.09	0.09	0.09	0.09	0.08		0.27	0.12	0.11	0.10	0.09	0.09	0.08		0.28	0.13	0.13	0.10	0.09	0.09	0.08
9000	0.28	0.10	0.12	0.11	0.11	0.08	0.10		0.29	0.11	0.13	0.12	0.11	0.08	0.10		0.30	0.13	0.16	0.12	0.11	0.09	0.10
10000	0.31	0.12	0.14	0.13	0.13	0.10	0.12		0.32	0.13	0.16	0.14	0.13	0.10	0.12		0.34	0.15	0.18	0.14	0.14	0.10	0.12

Destruction time (ms)	8 bytes						32 bytes						128 bytes						1K bytes						4K bytes
Elem count	UM	Ch	OL	DO1	DO2		UM	Ch	OL	DO1	DO2		UM	Ch	OL	DO1	DO2		UM	Ch	OL	DO1	DO2		UM	Ch	OL	DO1	DO2
1000	0.02	0.00	0.00	0.00	0.00	0.00	0.00		0.02	0.00	0.00	0.00	0.00	0.00	0.00		0.02	0.00	0.00	0.00	0.00	0.00	0.00
2000	0.04	0.00	0.00	0.00	0.00	0.00	0.00		0.04	0.00	0.00	0.00	0.00	0.00	0.00		0.04	0.00	0.00	0.00	0.00	0.00	0.00
3000	0.06	0.00	0.00	0.00	0.00	0.00	0.00		0.06	0.00	0.00	0.00	0.00	0.00	0.00		0.07	0.00	0.06	0.05	0.00	0.00	0.00
4000	0.08	0.00	0.00	0.00	0.00	0.00	0.00		0.08	0.00	0.00	0.00	0.00	0.00	0.00		0.09	0.00	0.05	0.05	0.00	0.00	0.00
5000	0.10	0.00	0.00	0.00	0.00	0.00	0.00		0.10	0.00	0.00	0.00	0.00	0.00	0.00		0.11	0.05	0.05	0.06	0.00	0.00	0.00
6000	0.12	0.00	0.00	0.00	0.00	0.00	0.00		0.13	0.00	0.00	0.00	0.00	0.00	0.00		0.14	0.06	0.11	0.10	0.08	0.00	0.10
7000	0.14	0.00	0.00	0.00	0.00	0.00	0.00		0.15	0.00	0.00	0.00	0.00	0.00	0.00		0.16	0.05	0.10	0.10	0.08	0.00	0.07
8000	0.16	0.00	0.00	0.00	0.00	0.00	0.00		0.17	0.00	0.00	0.00	0.00	0.00	0.00		0.18	0.05	0.11	0.09	0.10	0.00	0.08
9000	0.18	0.00	0.00	0.00	0.00	0.00	0.00		0.19	0.00	0.00	0.00	0.00	0.00	0.00		0.21	0.10	0.09	0.08	0.08	0.08	0.08
10000	0.20	0.00	0.00	0.00	0.00	0.00	0.00		0.21	0.00	0.00	0.00	0.00	0.00	0.00		0.22	0.12	0.09	0.09	0.08	0.08	0.10
