Key:	UM = unordered_map
	Ch = separate chaining with an element pool and free-list
	OL = open addressing with linear probing
	DO1 = "data-oriented": OA, linear, with hashes stored separately from keys and values
	DO2 = "data-oriented": OA, linear, with hashes, keys, and values all separate

Fill time (ms)	8 bytes						32 bytes						128 bytes						1K bytes						4K bytes
Elem count	UM	Ch	OL	DO1	DO2	D0		UM	Ch	OL	DO1	DO2	D0		UM	Ch	OL	DO1	DO2	D0		UM	Ch	OL	DO1	DO2	D0		UM	Ch	OL	DO1	DO2	D0
100000	19.45	7.38	9.98	9.92	9.69	3.67		23.58	11.58	15.58	14.09	13.77	5.74		28.33	27.18	45.88	37.93	37.01	15.99
200000	41.41	17.03	20.47	20.73	20.99	8.70		51.75	24.81	34.80	30.19	29.43	12.56		68.79	59.78	95.59	77.82	76.61	34.67
300000	83.00	34.36	27.12	26.29	27.25	19.83		103.54	52.64	44.34	37.23	36.24	26.89		127.32	126.35	110.62	88.44	88.78	70.54
400000	103.88	38.00	46.66	44.21	45.86	20.62		127.98	57.12	76.12	64.99	64.18	29.26		155.69	129.35	198.38	163.95	159.96	74.65
500000	131.59	40.65	52.57	51.15	53.49	21.42		155.94	60.98	86.32	72.82	72.08	31.44		188.73	137.62	214.46	178.09	175.98	79.50
600000	201.64	80.64	61.29	58.57	60.39	47.23		233.91	120.04	96.13	82.46	80.79	64.16		277.23	264.13	232.37	186.82	186.48	151.49
700000	222.15	85.16	95.69	91.23	95.52	47.15		260.01	126.47	151.35	131.07	129.88	65.92		299.26	270.62	394.60	333.02	324.13	156.15
800000	245.66	90.05	101.63	97.23	102.93	49.38		277.31	132.27	163.36	138.96	137.65	68.73		328.09	276.51	409.32	335.21	338.36	161.57
900000	268.91	93.90	109.60	105.86	110.61	50.40		312.69	140.79	176.07	151.76	150.10	73.80		373.21	293.40	428.12	351.93	351.87	168.78
1000000	299.84	99.92	118.33	113.83	119.90	52.37		336.35	146.27	181.71	155.67	156.75	73.93		400.03	295.30	447.55	366.31	364.46	175.03

Presized fill time (ms)	8 bytes						32 bytes						128 bytes						1K bytes						4K bytes
Elem count	UM	Ch	OL	DO1	DO2	D0		UM	Ch	OL	DO1	DO2	D0		UM	Ch	OL	DO1	DO2	D0		UM	Ch	OL	DO1	DO2	D0		UM	Ch	OL	DO1	DO2	D0
100000	9.36	2.45	3.88	3.84	3.61	1.01		11.39	3.88	6.41	5.51	5.41	1.99		17.05	10.50	17.40	12.29	12.49	7.44
200000	26.56	6.39	8.65	8.80	8.76	2.93		32.49	10.09	17.88	13.43	14.70	5.03		40.33	23.10	39.06	28.11	29.29	16.48
300000	46.82	11.50	17.07	16.25	17.52	5.42		53.26	16.46	29.41	23.73	25.99	10.89		64.78	38.29	62.28	45.95	47.31	34.36
400000	68.22	17.31	25.51	24.67	27.14	6.33		76.71	24.52	41.06	32.19	35.11	11.73		90.35	52.29	84.33	64.56	66.64	38.28
500000	92.50	22.49	34.54	33.58	35.80	6.88		103.17	32.63	52.40	42.72	45.59	12.62		122.72	70.43	106.50	84.26	86.00	43.41
600000	105.48	28.97	43.06	41.39	45.86	14.62		115.41	41.53	63.25	53.61	57.45	25.30		137.80	84.12	130.62	105.49	108.07	79.20
700000	133.59	38.23	52.62	52.33	56.24	16.57		145.22	52.98	77.48	65.88	69.60	29.91		171.99	103.04	157.70	125.37	128.35	82.89
800000	162.18	44.99	63.11	61.08	67.01	18.26		172.23	58.68	87.09	74.01	79.47	31.14		198.41	115.89	177.81	140.88	145.38	86.96
900000	184.13	51.18	69.20	68.35	74.44	17.92		194.91	67.02	99.31	84.77	91.35	34.50		230.25	131.90	201.75	161.53	170.37	92.12
1000000	205.23	56.12	77.62	76.54	83.60	20.00		224.69	75.81	111.25	94.92	102.47	35.00		265.06	153.02	226.41	181.80	186.46	97.22

Time for 100K lookups (ms)	8 bytes						32 bytes						128 bytes						1K bytes						4K bytes
Elem count	UM	Ch	OL	DO1	DO2	D0		UM	Ch	OL	DO1	DO2	D0		UM	Ch	OL	DO1	DO2	D0		UM	Ch	OL	DO1	DO2	D0		UM	Ch	OL	DO1	DO2	D0
100000	3.77	3.74	3.24	3.45	3.35	2.40		5.46	4.35	4.08	4.02	3.78	2.54		6.39	7.14	6.64	5.44	5.15	3.49
200000	6.02	5.35	3.82	3.80	3.79	2.53		7.52	7.23	5.68	5.42	5.56	3.62		7.83	9.16	7.96	6.15	6.37	4.38
300000	6.92	7.51	4.71	5.70	5.91	3.07		7.88	9.04	6.61	6.35	6.45	4.48		8.13	10.26	8.81	6.84	7.06	5.29
400000	7.84	8.88	5.25	5.66	6.36	4.40		8.80	9.85	6.98	6.71	7.14	5.55		9.10	11.43	8.84	7.18	7.73	6.40
500000	8.82	9.70	5.51	6.15	6.71	5.15		9.46	10.17	7.31	6.93	7.96	6.41		9.53	11.36	8.89	7.77	8.42	7.06
600000	7.92	10.16	5.88	6.91	7.36	5.32		8.72	10.89	7.67	7.19	7.86	6.36		8.81	11.50	8.98	7.67	8.52	6.76
700000	8.33	10.52	6.07	6.82	7.39	6.05		9.05	10.87	7.47	7.38	8.00	6.62		8.92	12.20	9.22	7.83	8.57	7.18
800000	8.87	10.74	6.32	7.13	7.53	7.47		9.67	11.34	7.78	7.87	8.13	7.24		9.66	12.53	9.37	7.85	8.89	8.15
900000	9.30	11.41	6.34	7.23	7.79	6.86		10.07	11.62	7.83	7.91	8.31	7.90		9.76	13.03	9.55	8.55	8.93	8.25
1000000	9.44	11.48	6.50	7.30	7.78	7.60		10.69	12.17	8.24	8.12	8.54	8.28		10.16	12.61	9.49	8.61	8.93	9.17

Time for 100K failed lookups (ms)	8 bytes						32 bytes						128 bytes						1K bytes						4K bytes
Elem count	UM	Ch	OL	DO1	DO2	D0		UM	Ch	OL	DO1	DO2	D0		UM	Ch	OL	DO1	DO2	D0		UM	Ch	OL	DO1	DO2	D0		UM	Ch	OL	DO1	DO2	D0
100000	3.15	3.92	4.76	4.53	4.54	2.43		4.06	4.46	5.98	4.57	4.64	2.50		4.54	5.66	8.81	4.54	4.64	2.61
200000	5.08	5.43	5.10	4.61	4.69	2.56		5.58	6.45	9.23	4.67	4.68	2.79		5.76	6.93	10.83	4.69	4.72	3.07
300000	5.16	6.37	6.49	4.98	5.01	2.97		5.56	7.13	10.31	4.93	4.96	3.01		5.97	8.10	11.85	5.02	5.26	3.29
400000	6.38	7.75	7.60	5.52	5.48	3.37		6.54	8.14	10.83	5.58	5.64	3.98		6.77	8.94	12.77	5.52	5.67	4.09
500000	7.05	8.41	8.27	6.73	6.26	4.47		7.54	9.01	10.95	6.09	7.28	5.37		7.76	9.37	12.94	6.37	6.33	5.03
600000	5.78	8.93	9.04	8.61	7.73	4.23		6.16	9.10	11.36	6.80	6.74	4.60		6.11	10.26	14.05	6.88	6.99	4.62
700000	6.39	9.23	9.38	7.51	7.47	4.88		6.75	9.23	11.36	7.15	7.83	5.20		6.64	10.60	13.95	7.31	7.60	5.36
800000	7.03	9.19	9.94	7.65	7.89	5.64		7.46	9.62	11.75	7.71	8.29	5.83		7.22	10.65	13.73	7.56	7.78	5.75
900000	7.32	9.39	10.01	8.05	8.12	6.03		7.84	9.77	11.92	8.47	7.96	6.43		7.90	10.34	13.59	8.76	8.34	6.46
1000000	8.16	9.63	10.24	8.45	8.70	6.52		8.59	9.95	12.10	8.41	8.73	7.04		8.61	10.66	13.65	8.43	8.46	7.12

Time to remove half the elements (ms)	8 bytes						32 bytes						128 bytes						1K bytes						4K bytes
Elem count	UM	Ch	OL	DO1	DO2	D0		UM	Ch	OL	DO1	DO2	D0		UM	Ch	OL	DO1	DO2	D0		UM	Ch	OL	DO1	DO2	D0		UM	Ch	OL	DO1	DO2	D0
100000	4.64	1.99	2.17	2.13	2.13	1.56		6.50	2.28	2.66	2.29	2.17	1.57		7.88	3.94	4.12	3.08	2.26	1.95
200000	18.25	6.04	4.85	4.57	4.53	3.21		17.88	7.97	7.61	6.08	4.52	3.90		20.79	10.44	10.02	6.87	4.72	3.82
300000	28.76	13.12	8.87	9.29	8.01	5.29		29.61	15.61	13.18	10.28	8.46	5.52		32.59	17.14	15.97	10.99	8.75	5.89
400000	41.93	19.96	13.22	13.97	12.74	9.40		42.29	23.08	18.47	15.20	11.97	10.36		47.14	25.00	21.94	16.15	12.84	10.12
500000	55.10	27.97	18.46	18.42	17.67	15.98		56.35	30.44	23.67	19.92	17.51	16.53		60.12	32.94	28.13	21.18	17.47	16.75
600000	65.55	36.34	22.99	23.42	22.29	22.93		66.29	38.61	29.14	25.43	21.89	23.14		70.46	42.68	34.49	26.05	22.62	24.64
700000	79.50	44.83	28.25	27.26	26.63	30.64		78.11	47.19	34.96	31.19	27.80	31.93		84.26	49.25	41.06	31.66	27.40	31.07
800000	93.36	51.99	34.07	33.23	32.11	40.18		92.40	55.33	39.98	35.39	32.23	39.93		98.80	58.48	47.93	36.93	31.82	40.86
900000	107.29	60.58	37.40	37.57	36.77	50.02		107.01	63.29	45.32	40.33	37.22	50.32		114.04	67.28	53.66	42.68	38.05	50.85
1000000	122.07	70.02	42.89	42.08	41.66	61.91		122.25	74.73	51.06	45.78	41.63	61.42		129.64	75.11	61.15	47.64	41.94	62.28

Destruction time (ms)	8 bytes						32 bytes						128 bytes						1K bytes						4K bytes
Elem count	UM	Ch	OL	DO1	DO2		UM	Ch	OL	DO1	DO2		UM	Ch	OL	DO1	DO2		UM	Ch	OL	DO1	DO2		UM	Ch	OL	DO1	DO2
100000	2.59	0.11	0.10	0.11	0.06	0.05		4.25	0.35	0.42	0.46	0.31	0.24		7.59	1.16	1.55	1.64	1.49	1.35
200000	8.14	0.46	0.31	0.36	0.39	0.25		11.70	0.85	0.89	1.01	0.87	0.73		17.00	2.44	2.96	3.06	2.96	2.65
300000	13.63	0.79	0.56	0.59	0.56	0.64		17.65	1.31	1.35	1.42	1.24	1.47		24.76	3.38	4.31	4.41	4.41	5.12
400000	20.80	1.07	0.74	0.78	0.79	0.67		26.04	1.78	1.77	1.81	1.67	1.44		34.40	4.54	5.54	5.82	5.61	5.02
500000	28.80	1.23	0.92	0.94	0.98	0.64		35.60	2.11	2.24	2.24	2.03	1.50		45.73	5.47	6.98	7.01	7.11	5.04
600000	30.44	1.51	1.12	1.13	1.14	1.33		37.86	2.58	2.61	2.76	2.46	2.79		51.45	6.43	8.41	8.26	8.16	9.62
700000	37.85	1.68	1.28	1.29	1.31	1.28		47.16	3.04	3.02	3.11	2.76	2.79		62.05	7.72	9.50	9.62	9.89	9.48
800000	46.56	1.95	1.46	1.46	1.50	1.29		55.75	3.31	3.46	3.50	3.11	2.76		71.79	8.50	11.06	11.56	11.14	9.74
900000	54.76	2.16	1.62	1.69	1.60	1.30		65.45	3.75	3.73	3.83	3.52	2.81		85.40	9.40	12.90	12.71	11.96	9.54
1000000	63.31	2.39	1.80	1.84	1.89	1.28		77.57	4.13	4.30	4.23	3.86	2.86		100.77	10.42	14.59	14.09	13.79	9.53
