Key:	UM = unordered_map
	Ch = separate chaining with an element pool and free-list
	OL = open addressing with linear probing
	DO1 = "data-oriented": OA, linear, with hashes stored separately from keys and values
	DO2 = "data-oriented": OA, linear, with hashes, keys, and values all separate

Fill time (ms)	8 bytes						32 bytes						128 bytes						1K bytes						4K bytes
Elem count	UM	Ch	OL	DO1	DO2	D0		UM	Ch	OL	DO1	DO2	D0		UM	Ch	OL	DO1	DO2	D0		UM	Ch	OL	DO1	DO2	D0		UM	Ch	OL	DO1	DO2	D0
100000	16.34	7.40	10.81	10.17	10.22	7.04		20.55	11.25	17.30	14.69	15.88	10.49		33.63	27.89	48.36	39.05	39.94	22.00
200000	46.18	18.88	24.66	23.71	23.12	15.59		58.13	26.42	37.81	31.84	32.88	23.14		73.13	63.07	99.68	80.27	82.79	45.51
300000	90.31	34.98	30.83	30.18	30.11	31.70		112.25	55.93	50.65	42.08	43.86	52.93		133.30	124.75	116.02	95.44	96.71	91.11
400000	113.73	40.05	51.00	49.24	51.36	34.96		135.95	58.27	83.92	68.60	72.92	52.84		163.08	133.61	204.49	168.01	173.63	96.25
500000	138.31	43.39	61.00	58.00	62.43	36.41		162.99	62.58	97.42	79.00	85.16	56.20		195.77	139.50	223.99	183.92	188.15	99.93
600000	220.76	85.23	70.20	66.89	71.81	73.78		250.63	125.36	111.60	88.79	93.71	124.91		291.26	266.10	241.51	195.43	201.53	204.53
700000	248.41	87.65	107.89	102.79	106.47	77.22		279.28	129.11	166.25	138.62	147.60	124.18		316.17	275.20	400.50	333.42	342.24	210.42
800000	269.11	92.06	117.38	116.13	118.11	80.85		303.75	131.67	179.96	148.49	160.93	128.95		352.92	282.75	422.86	350.91	360.31	219.40
900000	290.70	101.94	125.83	122.95	129.92	83.58		323.97	137.46	195.07	160.10	171.71	134.11		389.46	290.85	443.37	362.29	375.50	236.85
1000000	319.19	102.94	138.43	133.23	141.13	87.10		357.41	142.85	210.48	171.79	183.84	138.85		416.57	299.66	459.72	380.43	391.59	234.15

Presized fill time (ms)	8 bytes						32 bytes						128 bytes						1K bytes						4K bytes
Elem count	UM	Ch	OL	DO1	DO2	D0		UM	Ch	OL	DO1	DO2	D0		UM	Ch	OL	DO1	DO2	D0		UM	Ch	OL	DO1	DO2	D0		UM	Ch	OL	DO1	DO2	D0
100000	9.41	2.82	4.43	4.65	4.30	2.25		12.29	4.13	7.61	6.36	6.81	3.40		17.47	10.47	20.34	14.50	14.95	7.24
200000	27.51	7.16	10.20	10.09	10.80	4.77		33.40	10.46	22.05	15.67	18.09	7.78		41.07	23.28	43.29	32.18	33.89	15.29
300000	47.56	12.24	20.59	21.11	22.29	7.98		54.45	17.18	37.45	26.00	30.43	13.51		64.30	39.71	69.38	51.60	54.52	25.31
400000	69.38	17.93	31.72	31.41	34.98	10.93		78.94	25.26	52.55	37.90	43.57	18.24		90.25	53.66	91.63	72.46	76.22	35.92
500000	93.35	25.14	43.88	44.06	48.38	14.67		106.27	33.75	68.50	55.68	58.19	24.78		123.82	71.47	116.96	92.68	100.74	50.13
600000	107.00	32.22	55.83	55.81	61.34	18.79		119.96	41.77	82.74	64.16	71.55	29.59		136.88	86.76	142.56	117.95	119.96	61.79
700000	129.84	40.16	66.93	67.69	74.62	22.68		147.37	50.75	98.39	79.41	85.50	37.12		165.90	102.76	166.02	136.08	145.61	74.52
800000	153.71	47.29	78.74	79.86	88.33	27.55		172.54	61.55	115.32	96.49	101.38	44.27		197.13	118.78	191.34	157.68	166.50	89.15
900000	180.37	54.98	92.88	92.52	101.20	32.70		199.84	69.25	128.42	104.28	114.17	53.32		237.11	136.63	218.04	177.05	188.07	103.33
1000000	207.60	63.44	104.31	103.83	114.24	38.71		236.59	78.98	144.49	118.31	129.68	60.36		265.46	152.55	242.96	199.26	210.38	123.78

Time for 100K lookups (ms)	8 bytes						32 bytes						128 bytes						1K bytes						4K bytes
Elem count	UM	Ch	OL	DO1	DO2	D0		UM	Ch	OL	DO1	DO2	D0		UM	Ch	OL	DO1	DO2	D0		UM	Ch	OL	DO1	DO2	D0		UM	Ch	OL	DO1	DO2	D0
100000	4.15	4.17	3.90	3.90	3.96	3.85		6.66	5.36	5.14	5.57	4.94	4.46		7.72	8.05	8.65	7.88	7.72	6.82
200000	8.05	6.63	3.99	4.60	4.29	4.17		9.53	8.30	7.31	7.29	7.56	7.25		9.79	9.87	10.77	9.51	9.30	8.24
300000	8.91	9.00	5.27	6.11	6.74	4.78		9.88	9.38	9.03	8.60	8.98	8.55		10.54	11.41	12.50	10.45	10.47	9.57
400000	9.86	9.50	7.43	7.53	7.98	6.11		10.77	10.17	9.72	10.00	9.68	9.57		11.25	11.59	12.33	10.95	10.82	10.61
500000	10.41	10.13	7.36	8.19	9.26	8.44		12.22	11.26	10.12	9.96	10.32	10.41		12.25	12.31	12.66	11.51	10.71	11.33
600000	10.31	10.96	7.87	8.83	9.66	8.77		11.20	11.38	10.75	10.95	11.16	11.08		11.76	12.42	12.86	11.42	10.94	11.64
700000	10.58	11.09	8.22	9.36	9.99	9.98		11.43	11.45	10.66	11.28	11.19	11.23		11.54	12.80	13.14	11.92	11.64	12.03
800000	11.52	12.41	8.83	9.70	10.44	9.94		11.80	12.03	10.90	11.10	11.44	11.83		11.82	12.89	13.56	12.53	11.63	12.27
900000	11.58	11.98	8.78	9.95	11.03	10.22		12.43	12.09	10.90	11.94	11.68	12.16		12.62	13.28	13.39	12.52	11.95	12.72
1000000	11.81	11.98	9.34	10.06	10.80	10.79		12.72	12.40	11.20	11.84	11.71	12.18		13.28	12.92	13.29	12.45	11.78	12.64

Time for 100K failed lookups (ms)	8 bytes						32 bytes						128 bytes						1K bytes						4K bytes
Elem count	UM	Ch	OL	DO1	DO2	D0		UM	Ch	OL	DO1	DO2	D0		UM	Ch	OL	DO1	DO2	D0		UM	Ch	OL	DO1	DO2	D0		UM	Ch	OL	DO1	DO2	D0
100000	3.84	4.48	5.28	5.14	5.01	4.05		5.45	5.14	7.20	5.03	5.00	4.13		5.51	5.80	9.71	5.45	5.00	4.52
200000	6.23	5.21	5.61	5.18	5.10	4.23		7.84	6.84	10.17	5.45	5.13	5.50		7.14	7.47	12.33	5.68	5.38	5.57
300000	6.67	6.84	7.01	5.38	5.31	4.35		7.21	7.68	11.43	5.40	5.47	6.28		7.38	8.71	13.47	6.14	5.64	6.25
400000	7.76	7.68	8.81	5.81	6.27	5.36		8.23	8.35	12.17	5.94	6.32	6.75		8.46	9.17	13.96	6.62	6.35	6.94
500000	8.58	8.31	9.25	6.60	6.74	6.79		9.16	9.21	12.40	6.80	6.79	7.02		9.41	10.11	14.60	7.93	7.49	7.48
600000	7.75	9.21	9.89	7.25	8.09	6.59		7.78	9.59	12.55	7.16	7.34	7.87		8.08	10.04	14.75	7.70	7.85	8.25
700000	8.15	9.58	10.49	7.91	8.01	7.07		8.76	9.87	12.87	7.93	8.05	8.07		8.62	10.80	14.95	9.46	9.17	8.40
800000	8.68	10.11	11.19	8.92	8.40	7.41		9.15	10.31	13.39	8.88	8.59	8.47		9.06	11.15	14.54	10.31	9.12	8.97
900000	9.39	10.36	11.29	9.04	8.97	7.97		9.48	10.71	13.19	9.21	9.14	8.77		9.91	11.39	16.18	10.43	8.93	9.07
1000000	9.74	10.30	11.03	9.17	9.25	8.19		10.27	11.09	13.38	9.49	9.30	9.69		10.29	11.25	15.35	9.63	11.01	9.27

Time to remove half the elements (ms)	8 bytes						32 bytes						128 bytes						1K bytes						4K bytes
Elem count	UM	Ch	OL	DO1	DO2	D0		UM	Ch	OL	DO1	DO2	D0		UM	Ch	OL	DO1	DO2	D0		UM	Ch	OL	DO1	DO2	D0		UM	Ch	OL	DO1	DO2	D0
100000	5.16	2.64	2.44	2.41	2.37	1.97		6.87	3.34	3.11	2.90	2.48	2.13		9.58	5.83	5.05	4.28	2.58	2.52
200000	17.26	9.00	6.05	5.31	4.92	4.11		19.53	11.38	9.65	8.12	5.96	5.30		21.61	14.55	12.96	9.62	6.35	5.68
300000	30.33	17.48	9.98	10.67	9.11	6.61		31.64	20.86	16.97	14.62	12.27	9.88		34.98	24.16	20.90	15.91	11.10	10.25
400000	43.19	27.44	16.81	17.55	14.89	10.04		44.61	30.66	24.40	20.80	17.86	15.01		49.47	34.91	29.43	22.75	19.58	16.40
500000	57.78	38.14	23.17	24.59	22.09	16.71		59.11	40.73	31.88	28.37	24.38	20.78		63.64	43.96	37.11	30.07	25.00	21.74
600000	68.41	47.51	29.94	31.04	28.59	22.25		68.67	50.47	39.03	34.83	30.99	27.21		74.34	56.71	46.29	37.79	30.95	27.31
700000	83.02	57.15	35.98	37.86	35.46	27.78		83.49	64.96	47.45	43.01	38.58	34.10		89.31	66.02	54.95	44.97	37.91	35.34
800000	97.66	68.12	43.18	44.61	42.54	36.05		97.68	72.14	53.73	49.54	44.43	43.85		105.15	76.76	62.25	52.55	44.19	41.54
900000	112.78	82.82	51.36	52.19	49.36	43.22		113.07	82.86	62.22	57.53	52.18	48.56		121.31	87.53	69.86	60.68	51.96	49.54
1000000	128.91	88.72	56.55	58.16	55.84	51.19		128.56	93.43	68.90	66.83	58.79	55.99		139.03	97.97	79.51	67.85	58.53	57.10

Destruction time (ms)	8 bytes						32 bytes						128 bytes						1K bytes						4K bytes
Elem count	UM	Ch	OL	DO1	DO2		UM	Ch	OL	DO1	DO2		UM	Ch	OL	DO1	DO2		UM	Ch	OL	DO1	DO2		UM	Ch	OL	DO1	DO2
100000	2.55	0.13	0.11	0.11	0.06	0.00		4.12	0.32	0.43	0.38	0.45	0.22		7.08	1.10	1.56	1.61	1.58	1.08
200000	8.16	0.50	0.36	0.33	0.34	0.08		11.77	0.94	0.93	1.00	0.97	0.63		16.85	2.30	2.90	3.07	3.00	2.10
300000	12.85	0.76	0.57	0.58	0.58	0.32		17.56	1.28	1.35	1.44	1.41	1.01		24.75	3.38	4.28	4.57	4.24	3.14
400000	20.81	1.02	0.74	0.75	0.77	0.49		25.49	1.74	1.81	1.83	1.82	1.37		34.83	4.39	5.61	5.82	5.47	4.12
500000	28.29	1.26	0.93	0.94	0.94	0.63		35.15	2.06	2.14	2.23	2.31	1.68		45.71	5.22	6.71	6.93	6.89	5.09
600000	30.36	1.45	1.09	1.10	1.13	0.71		37.79	2.46	2.55	2.59	2.60	1.98		50.85	6.51	8.13	9.17	8.00	5.84
700000	37.66	1.68	1.23	1.28	1.28	0.84		46.39	2.96	2.93	2.98	2.98	2.27		61.83	7.30	9.64	10.53	9.52	6.58
800000	44.73	1.89	1.39	1.45	1.49	0.97		55.68	3.21	3.36	3.37	3.39	2.54		71.78	8.11	10.71	10.95	10.85	7.99
900000	53.72	2.12	1.57	1.60	1.62	1.08		64.75	4.02	3.68	4.18	3.75	2.91		84.67	8.91	12.70	13.26	12.18	8.29
1000000	63.67	2.24	1.73	1.74	1.75	1.17		74.43	3.92	4.07	4.44	4.19	3.20		96.78	9.87	13.41	12.98	12.99	9.31
