Key:	UM = unordered_map
	Ch = separate chaining with an element pool and free-list
	OL = open addressing with linear probing
	DO1 = "data-oriented": OA, linear, with hashes stored separately from keys and values
	DO2 = "data-oriented": OA, linear, with hashes, keys, and values all separate

Fill time (ms)	8 bytes						32 bytes						128 bytes						1K bytes						4K bytes
Elem count	UM	Ch	OL	DO1	DO2	D0		UM	Ch	OL	DO1	DO2	D0		UM	Ch	OL	DO1	DO2	D0		UM	Ch	OL	DO1	DO2	D0		UM	Ch	OL	DO1	DO2	D0
100000	17.59	7.96	10.42	9.81	9.80	5.44		21.65	12.19	16.75	14.80	14.45	7.91		30.74	28.86	46.28	38.34	37.33	18.12
200000	39.86	16.40	20.72	20.62	20.89	12.35		51.57	24.61	34.83	31.23	30.48	18.12		69.87	59.42	95.97	78.47	76.95	37.93
300000	83.21	33.89	26.32	26.02	27.71	26.50		101.29	52.30	44.63	37.24	37.20	34.27		126.19	122.36	111.70	87.79	88.96	77.49
400000	106.16	39.44	48.12	47.82	47.83	30.08		127.26	57.51	75.06	64.71	64.92	37.73		159.64	135.33	204.85	168.58	169.36	87.70
500000	140.70	43.62	53.74	55.18	56.52	32.18		166.97	65.16	88.06	75.24	74.75	39.83		196.18	145.40	222.95	181.31	179.10	93.68
600000	212.30	85.59	62.68	59.70	61.89	61.38		235.48	121.15	96.56	81.43	81.87	79.04		270.88	262.32	248.94	195.91	193.46	177.42
700000	235.52	89.68	99.71	95.84	99.83	68.05		265.59	131.53	160.71	136.56	134.88	88.46		310.04	280.67	408.04	343.56	336.75	185.85
800000	256.90	94.14	104.85	103.51	106.98	71.22		290.73	131.99	163.16	140.95	138.12	86.93		330.74	277.62	414.67	350.76	352.67	192.86
900000	286.51	98.98	112.34	111.22	115.62	72.54		310.24	138.67	173.42	148.84	152.55	95.68		374.11	297.51	441.86	367.97	353.96	191.51
1000000	309.54	104.21	122.53	119.30	126.41	79.20		353.66	148.68	187.80	161.36	162.27	100.85		398.86	297.60	447.52	367.14	369.48	198.33

Presized fill time (ms)	8 bytes						32 bytes						128 bytes						1K bytes						4K bytes
Elem count	UM	Ch	OL	DO1	DO2	D0		UM	Ch	OL	DO1	DO2	D0		UM	Ch	OL	DO1	DO2	D0		UM	Ch	OL	DO1	DO2	D0		UM	Ch	OL	DO1	DO2	D0
100000	10.12	2.49	3.83	3.89	3.71	1.38		13.04	3.91	6.82	6.24	6.10	2.07		17.43	10.80	17.83	12.67	12.18	6.64
200000	26.81	6.67	9.45	9.11	9.54	3.19		33.85	10.18	18.49	14.16	14.96	4.88		42.92	24.74	40.62	30.95	30.33	15.31
300000	51.66	11.84	17.98	18.05	19.21	5.50		55.95	17.61	30.75	23.91	25.84	8.50		64.06	38.90	63.03	48.31	49.11	25.13
400000	73.56	17.55	26.48	25.96	28.06	8.01		79.73	26.04	41.78	33.77	36.40	11.10		92.43	55.07	86.76	66.19	69.50	35.64
500000	98.64	24.35	34.77	34.61	37.47	10.02		107.83	33.91	54.31	43.01	46.33	15.49		119.09	68.58	106.67	84.01	86.41	45.51
600000	105.97	29.79	42.92	42.48	45.95	13.10		117.00	41.52	63.91	53.12	57.38	18.97		134.33	84.95	132.09	108.35	107.31	59.85
700000	138.02	38.23	54.40	53.19	56.40	17.94		145.36	52.33	77.29	67.63	70.33	25.91		169.51	103.71	160.57	129.41	134.61	76.06
800000	158.98	47.59	62.49	62.17	66.57	21.08		172.87	60.53	91.29	79.03	82.76	33.42		202.00	119.03	177.04	150.12	148.34	83.84
900000	179.76	50.56	71.45	68.14	74.01	23.24		194.87	67.14	98.49	86.21	91.44	35.88		229.53	131.27	200.95	162.44	167.25	96.40
1000000	208.01	57.60	77.74	77.50	83.01	27.40		226.51	76.26	110.79	101.55	108.02	44.54		276.47	154.32	233.18	190.75	195.21	113.81

Time for 100K lookups (ms)	8 bytes						32 bytes						128 bytes						1K bytes						4K bytes
Elem count	UM	Ch	OL	DO1	DO2	D0		UM	Ch	OL	DO1	DO2	D0		UM	Ch	OL	DO1	DO2	D0		UM	Ch	OL	DO1	DO2	D0		UM	Ch	OL	DO1	DO2	D0
100000	3.48	3.75	3.34	3.47	3.44	3.08		5.03	4.44	4.12	3.87	4.03	3.27		6.54	7.48	7.04	5.55	5.32	4.85
200000	6.44	5.43	3.56	4.06	4.07	3.64		7.77	7.72	5.98	5.48	5.75	4.77		8.18	9.83	8.43	6.34	6.65	5.28
300000	7.01	7.47	4.37	5.23	5.28	3.53		7.63	9.37	6.68	6.12	6.69	5.34		8.06	10.60	8.60	6.83	7.27	5.92
400000	7.70	8.76	5.13	5.92	6.19	4.69		8.41	9.88	7.03	6.49	6.98	6.55		9.25	11.37	8.99	7.29	7.86	6.68
500000	8.55	9.87	5.58	6.18	6.67	5.82		9.11	10.52	7.28	6.93	7.90	6.79		9.42	11.63	9.08	7.51	7.98	8.08
600000	8.32	10.43	5.99	6.47	7.61	6.31		8.35	10.72	7.52	7.36	8.16	7.84		8.86	11.83	9.61	7.65	8.66	8.36
700000	8.33	10.97	6.37	6.69	7.21	7.25		8.75	11.55	7.84	7.79	7.93	7.41		8.96	12.02	9.46	7.80	9.03	8.22
800000	8.81	10.74	6.16	6.83	7.39	7.70		9.71	11.87	7.49	7.45	8.13	8.14		9.35	12.72	10.50	8.06	8.96	8.40
900000	9.43	11.55	6.59	7.16	7.67	7.52		10.13	12.38	8.22	7.92	8.31	8.17		9.91	12.67	9.40	8.27	8.75	9.02
1000000	9.67	11.77	7.01	7.21	7.94	7.82		10.42	12.79	7.91	7.92	8.54	8.56		10.36	13.82	10.33	8.66	8.89	9.10

Time for 100K failed lookups (ms)	8 bytes						32 bytes						128 bytes						1K bytes						4K bytes
Elem count	UM	Ch	OL	DO1	DO2	D0		UM	Ch	OL	DO1	DO2	D0		UM	Ch	OL	DO1	DO2	D0		UM	Ch	OL	DO1	DO2	D0		UM	Ch	OL	DO1	DO2	D0
100000	3.04	3.95	4.69	4.51	4.48	3.22		4.03	4.32	6.07	4.50	4.51	3.29		4.42	5.51	9.25	4.60	4.92	3.40
200000	5.56	6.42	5.37	4.59	4.63	3.42		5.34	6.26	9.04	4.77	4.73	3.56		5.65	7.02	11.55	4.80	5.15	4.13
300000	5.56	6.98	6.93	5.10	4.90	3.48		5.65	7.82	9.82	4.77	4.96	4.12		5.47	7.95	12.64	5.88	6.00	4.29
400000	6.14	7.39	8.02	5.41	5.46	3.91		6.30	8.03	10.52	5.54	6.00	4.41		6.62	8.69	12.66	5.70	6.50	4.68
500000	7.37	8.15	8.38	5.96	6.29	4.89		7.83	8.88	11.36	6.76	6.19	5.18		7.62	9.75	13.22	6.47	6.50	5.18
600000	5.91	9.48	9.85	7.16	7.12	5.20		6.03	9.49	11.23	6.86	7.41	5.28		6.01	9.66	13.32	7.72	7.75	6.16
700000	6.12	8.86	9.28	8.41	7.26	5.55		6.48	9.26	11.62	7.14	7.29	5.63		6.65	10.02	13.17	7.67	8.17	5.96
800000	6.93	9.91	9.79	8.35	7.98	5.77		6.94	9.74	11.49	7.72	7.66	6.33		7.17	10.49	13.54	8.23	9.35	6.62
900000	7.44	9.36	9.88	8.08	8.19	6.04		7.58	10.32	11.91	8.46	8.17	6.00		7.77	10.37	13.57	8.57	8.46	6.26
1000000	7.95	9.83	10.31	8.25	8.22	6.14		8.30	10.12	11.74	8.29	8.66	6.65		8.17	10.69	13.99	8.55	9.83	6.65

Time to remove half the elements (ms)	8 bytes						32 bytes						128 bytes						1K bytes						4K bytes
Elem count	UM	Ch	OL	DO1	DO2	D0		UM	Ch	OL	DO1	DO2	D0		UM	Ch	OL	DO1	DO2	D0		UM	Ch	OL	DO1	DO2	D0		UM	Ch	OL	DO1	DO2	D0
100000	5.31	1.96	2.26	2.18	2.13	1.89		6.78	2.84	2.91	2.60	2.20	1.91		7.82	3.82	4.04	3.38	2.20	2.21
200000	17.91	6.38	4.96	4.85	4.59	3.94		18.94	7.90	7.38	6.24	4.55	4.50		21.02	10.39	10.23	6.97	4.82	4.99
300000	29.68	13.38	9.18	9.17	8.45	6.95		30.37	15.94	13.92	10.98	8.80	7.08		33.36	17.93	16.74	11.82	8.50	7.68
400000	41.41	19.98	12.94	13.71	12.99	10.28		41.61	22.03	18.37	15.32	12.88	10.44		45.14	24.50	22.15	15.75	12.00	11.03
500000	54.72	29.26	18.82	18.46	17.38	15.89		55.63	30.92	23.86	20.24	17.28	16.05		59.73	35.11	29.10	21.37	17.97	18.44
600000	68.00	37.94	25.37	25.01	22.80	23.14		67.36	39.90	30.11	25.56	23.76	24.44		71.34	40.34	34.07	26.17	22.25	25.46
700000	79.91	43.90	27.93	27.27	27.37	27.94		79.34	47.05	34.51	30.62	27.16	28.38		83.63	50.57	40.93	31.85	27.37	29.87
800000	92.26	52.65	32.97	33.65	32.32	35.60		93.70	57.64	40.08	35.37	32.34	36.35		99.22	57.51	46.66	37.10	32.94	36.74
900000	108.13	62.34	37.66	37.31	37.42	42.77		107.43	64.29	45.77	40.34	36.66	47.17		114.12	67.33	52.06	42.93	37.47	44.90
1000000	124.56	69.95	43.27	42.49	42.41	51.44		123.18	71.96	50.43	45.88	42.40	55.71		129.60	76.08	59.18	47.40	42.07	51.76

Destruction time (ms)	8 bytes						32 bytes						128 bytes						1K bytes						4K bytes
Elem count	UM	Ch	OL	DO1	DO2		UM	Ch	OL	DO1	DO2		UM	Ch	OL	DO1	DO2		UM	Ch	OL	DO1	DO2		UM	Ch	OL	DO1	DO2
100000	2.67	0.12	0.11	0.12	0.07	0.00		5.18	0.40	0.49	0.44	0.32	0.14		7.74	1.13	1.53	1.57	1.50	1.01
200000	8.41	0.51	0.32	0.34	0.30	0.09		11.94	0.96	0.98	0.97	0.91	0.49		16.82	2.40	2.97	3.21	3.01	2.01
300000	13.62	0.76	0.57	0.60	0.60	0.35		17.86	1.37	1.36	1.38	1.26	0.86		25.02	3.44	4.31	4.49	4.35	2.96
400000	20.41	1.00	0.74	0.79	0.80	0.50		26.05	1.71	1.80	1.83	1.66	1.10		35.75	4.61	5.66	5.80	5.62	3.91
500000	29.15	1.24	0.92	0.95	0.99	0.67		35.52	2.11	2.22	2.22	2.04	1.38		45.60	5.67	7.14	7.64	7.04	4.79
600000	30.90	1.48	1.13	1.15	1.17	0.76		38.04	2.53	2.73	2.72	2.40	1.69		51.31	6.62	8.39	8.58	8.51	5.87
700000	37.78	1.72	1.26	1.46	1.32	0.86		46.56	2.92	3.05	3.07	2.76	1.94		61.75	7.52	9.83	9.61	9.82	6.76
800000	45.65	1.95	1.44	1.49	1.48	0.97		55.88	3.30	3.44	3.44	3.16	2.26		73.32	8.69	11.18	11.24	10.70	7.28
900000	55.57	2.13	1.64	1.66	1.64	1.09		65.45	3.73	3.93	4.04	3.58	2.47		85.03	9.72	14.18	14.39	12.34	8.51
1000000	63.45	2.46	1.79	1.80	1.84	1.22		74.97	4.20	4.26	4.32	3.91	2.72		98.12	10.49	14.33	14.03	14.42	9.29
