Key:	UM = unordered_map
	Ch = separate chaining with an element pool and free-list
	OL = open addressing with linear probing
	DO1 = "data-oriented": OA, linear, with hashes stored separately from keys and values
	DO2 = "data-oriented": OA, linear, with hashes, keys, and values all separate

Fill time (ms)	8 bytes						32 bytes						128 bytes						1K bytes						4K bytes
Elem count	UM	Ch	OL	DO1	DO2	D0		UM	Ch	OL	DO1	DO2	D0		UM	Ch	OL	DO1	DO2	D0		UM	Ch	OL	DO1	DO2	D0		UM	Ch	OL	DO1	DO2	D0
100000	19.88	6.25	7.79	7.65	7.80	4.11		24.76	9.67	14.61	13.88	13.06	6.02		32.19	28.95	47.18	39.53	39.01	17.14
200000	49.61	14.09	17.14	16.75	17.19	10.12		59.63	22.92	33.31	28.92	28.46	15.37		74.87	62.91	101.37	84.56	83.57	38.81
300000	100.15	30.89	23.88	24.51	25.16	25.50		121.04	49.95	42.09	34.31	35.63	34.68		137.56	129.08	113.41	92.68	92.64	78.34
400000	121.99	34.35	39.80	38.16	40.44	23.83		142.15	52.78	71.17	65.95	64.48	33.79		169.64	136.55	205.19	172.99	170.17	86.76
500000	147.96	34.18	45.93	44.89	46.77	24.07		170.09	59.33	79.97	70.94	72.34	40.64		202.36	143.92	221.55	182.42	181.53	85.78
600000	220.64	66.58	50.96	50.38	52.43	48.31		255.34	115.10	89.71	78.53	78.30	66.88		291.45	269.95	236.15	195.56	191.53	174.47
700000	247.40	72.20	82.10	80.73	81.24	51.11		274.34	119.64	139.96	129.49	128.31	82.22		324.81	278.31	401.44	352.62	352.95	186.21
800000	283.94	85.21	90.01	85.35	88.45	58.75		309.69	119.48	154.33	135.02	134.65	74.41		337.21	288.82	423.81	359.33	353.55	180.82
900000	301.72	81.55	92.27	82.95	95.65	54.58		338.01	118.91	153.04	136.41	133.20	70.78		374.45	287.66	415.96	337.47	333.09	162.54
1000000	294.77	74.37	91.50	88.39	94.30	48.12		337.33	125.96	162.90	143.06	141.84	72.84		407.76	293.24	420.60	346.03	346.08	186.18

Presized fill time (ms)	8 bytes						32 bytes						128 bytes						1K bytes						4K bytes
Elem count	UM	Ch	OL	DO1	DO2	D0		UM	Ch	OL	DO1	DO2	D0		UM	Ch	OL	DO1	DO2	D0		UM	Ch	OL	DO1	DO2	D0		UM	Ch	OL	DO1	DO2	D0
100000	11.61	2.70	3.76	3.61	3.47	1.15		14.11	5.05	8.67	7.85	7.73	2.05		17.77	12.99	23.65	18.44	17.81	7.98
200000	30.80	7.19	11.48	10.84	10.89	2.52		35.22	11.14	19.16	17.76	17.57	5.00		42.32	28.31	49.35	38.55	40.33	16.70
300000	51.32	14.94	15.63	15.49	17.47	5.78		56.34	23.26	27.07	23.23	24.42	11.57		67.03	54.47	66.49	52.02	53.12	37.64
400000	72.60	20.56	25.01	27.07	28.12	7.64		81.01	25.56	40.49	38.28	40.52	13.10		93.43	61.54	104.77	84.80	87.38	41.71
500000	97.87	22.55	30.77	32.74	33.96	6.87		108.20	28.81	48.39	44.25	46.53	15.50		125.69	64.62	114.53	90.29	91.89	41.57
600000	103.67	37.17	36.65	38.08	39.30	13.94		113.65	48.09	55.22	49.14	52.19	24.93		134.20	108.82	134.51	108.18	111.08	80.09
700000	134.92	38.10	46.16	49.50	54.99	15.61		147.65	53.77	76.82	71.79	73.55	28.88		170.17	118.27	196.27	155.83	159.08	78.79
800000	147.43	41.35	50.62	53.69	58.44	16.48		166.79	58.51	82.36	74.96	77.95	29.43		193.15	120.49	204.85	166.60	170.80	84.40
900000	174.89	45.14	56.96	60.41	69.56	19.06		196.90	60.11	90.73	81.74	87.11	32.22		221.49	126.02	215.42	179.11	183.26	89.71
1000000	213.45	47.79	63.09	66.16	71.94	19.23		222.16	63.53	97.23	89.10	94.55	34.56		258.15	132.06	231.65	199.11	199.26	94.78

Time for 100K lookups (ms)	8 bytes						32 bytes						128 bytes						1K bytes						4K bytes
Elem count	UM	Ch	OL	DO1	DO2	D0		UM	Ch	OL	DO1	DO2	D0		UM	Ch	OL	DO1	DO2	D0		UM	Ch	OL	DO1	DO2	D0		UM	Ch	OL	DO1	DO2	D0
100000	3.16	3.07	2.17	2.40	2.19	2.39		5.14	4.10	3.42	3.33	3.58	2.61		6.47	6.88	5.41	4.80	4.46	3.45
200000	6.05	4.69	3.02	3.69	4.07	2.61		7.20	6.39	4.56	4.97	5.19	3.60		7.70	8.26	6.14	5.64	5.61	4.33
300000	7.03	6.24	3.80	4.42	4.60	3.14		7.69	6.79	5.48	5.65	5.83	4.49		8.17	8.30	7.83	6.15	6.25	5.08
400000	7.66	7.26	4.28	5.03	5.52	4.19		8.48	8.23	5.27	5.99	6.05	5.50		8.81	9.47	6.85	6.40	6.37	6.06
500000	8.34	8.61	4.49	5.28	5.82	5.17		9.47	9.89	5.66	6.29	6.29	6.36		9.42	10.57	7.42	6.69	6.64	6.96
600000	7.73	7.85	4.88	5.58	6.16	5.45		8.48	8.16	6.16	6.73	6.77	6.15		8.99	9.15	7.94	7.00	6.99	6.59
700000	8.24	8.49	4.82	5.58	6.02	5.96		9.03	8.56	5.47	6.42	6.83	6.72		9.09	9.70	6.86	6.93	7.07	7.12
800000	9.00	9.21	4.97	5.95	6.10	6.97		9.79	9.49	5.89	6.84	7.00	7.29		9.74	10.37	7.31	7.03	7.09	7.61
900000	8.91	9.77	5.02	5.84	6.20	7.06		9.91	10.27	5.96	6.78	7.23	7.82		10.39	11.59	7.63	7.21	7.54	8.32
1000000	9.77	10.66	5.18	5.94	6.43	7.44		10.47	10.47	6.28	6.98	7.19	8.38		10.33	11.62	7.67	7.34	7.73	8.70

Time for 100K failed lookups (ms)	8 bytes						32 bytes						128 bytes						1K bytes						4K bytes
Elem count	UM	Ch	OL	DO1	DO2	D0		UM	Ch	OL	DO1	DO2	D0		UM	Ch	OL	DO1	DO2	D0		UM	Ch	OL	DO1	DO2	D0		UM	Ch	OL	DO1	DO2	D0
100000	3.11	3.03	2.72	2.58	2.46	2.45		3.92	3.79	4.75	2.72	2.91	2.67		6.04	5.85	5.84	2.97	2.83	2.78
200000	5.43	5.03	3.85	3.33	3.22	2.57		5.64	6.27	6.30	3.29	3.74	2.97		6.14	7.31	7.21	4.52	4.40	3.13
300000	5.33	6.00	5.63	3.95	3.65	2.68		5.75	6.67	7.93	3.67	3.90	3.45		5.67	7.17	9.19	4.05	3.93	3.45
400000	6.48	7.27	5.58	5.27	4.62	3.68		6.95	7.84	6.56	4.42	4.46	3.92		6.53	8.70	7.63	4.66	4.65	4.24
500000	7.11	8.82	5.71	4.82	4.88	4.18		7.35	9.46	7.20	4.66	4.88	4.91		7.54	10.65	8.14	4.95	4.77	5.16
600000	5.94	6.92	6.82	5.46	5.31	4.16		6.06	7.33	8.45	5.27	5.44	4.48		6.15	8.63	9.48	6.62	5.23	4.64
700000	6.27	7.79	5.15	5.07	4.84	4.81		6.56	8.08	6.82	5.08	4.92	5.00		6.63	9.02	7.76	5.20	4.89	5.38
800000	6.98	8.91	5.57	5.35	5.07	5.27		7.06	8.99	7.01	5.29	5.23	5.60		7.42	9.68	7.79	5.35	5.30	5.89
900000	7.43	9.30	5.99	5.44	5.36	5.99		7.67	10.34	7.45	5.44	5.46	6.45		7.83	10.64	8.28	5.62	5.44	6.65
1000000	7.89	10.11	6.44	5.81	5.77	6.42		8.17	10.55	7.77	5.69	5.78	7.17		8.36	11.66	8.14	5.81	5.71	7.39

Time to remove half the elements (ms)	8 bytes						32 bytes						128 bytes						1K bytes						4K bytes
Elem count	UM	Ch	OL	DO1	DO2	D0		UM	Ch	OL	DO1	DO2	D0		UM	Ch	OL	DO1	DO2	D0		UM	Ch	OL	DO1	DO2	D0		UM	Ch	OL	DO1	DO2	D0
100000	4.79	2.02	1.37	1.32	1.34	1.58		6.98	2.99	2.77	2.13	1.66	1.70		8.68	4.58	3.77	2.82	1.82	1.95
200000	18.42	6.29	3.67	4.44	3.92	3.74		18.62	9.18	6.10	5.82	4.32	4.19		21.32	11.99	8.12	6.31	5.15	4.37
300000	31.85	15.63	8.93	8.17	6.69	5.37		31.78	15.51	11.03	9.81	6.79	5.70		33.47	18.15	14.00	10.17	7.90	6.13
400000	40.18	21.10	9.95	10.77	10.59	8.74		41.18	24.80	13.44	12.81	10.71	9.67		44.55	29.02	16.66	13.22	10.64	9.80
500000	53.68	31.97	13.88	14.64	14.21	14.17		54.10	35.93	18.74	16.93	14.03	15.48		58.97	40.19	22.88	18.90	14.36	15.59
600000	63.49	35.56	18.20	18.68	18.39	21.38		63.79	38.45	24.50	21.74	18.50	21.56		68.30	41.33	30.81	22.73	18.46	21.97
700000	76.16	45.64	19.09	20.95	20.79	27.74		76.93	47.99	24.48	23.76	20.95	31.37		84.68	52.73	29.51	24.94	20.80	29.05
800000	90.81	56.92	23.18	24.93	25.85	40.70		90.11	59.60	29.50	28.02	24.21	37.25		95.44	65.63	35.06	30.15	24.74	36.31
900000	103.89	68.48	26.63	28.68	28.64	46.41		102.83	72.85	36.12	32.55	28.41	46.79		110.23	79.14	41.54	34.14	28.81	51.43
1000000	118.69	81.11	31.34	32.70	32.64	56.18		117.16	85.59	39.76	37.80	33.00	57.02		125.59	92.87	48.66	39.45	32.67	63.93

Destruction time (ms)	8 bytes						32 bytes						128 bytes						1K bytes						4K bytes
Elem count	UM	Ch	OL	DO1	DO2		UM	Ch	OL	DO1	DO2		UM	Ch	OL	DO1	DO2		UM	Ch	OL	DO1	DO2		UM	Ch	OL	DO1	DO2
100000	2.94	0.21	0.20	0.20	0.20	0.05		4.20	0.57	0.77	0.71	0.73	0.22		6.94	1.64	2.73	2.69	2.63	1.32
200000	7.32	0.66	0.66	0.69	0.68	0.21		11.17	1.19	1.71	1.65	1.49	0.71		16.35	3.08	5.13	5.06	4.95	2.50
300000	12.92	1.29	0.66	0.67	0.67	0.67		17.17	2.24	1.63	1.67	1.48	1.47		24.40	5.80	4.98	5.12	4.95	4.98
400000	19.56	1.30	1.33	1.34	1.37	0.66		25.78	2.41	3.20	3.21	2.94	1.45		33.97	5.88	9.87	9.83	9.61	5.16
500000	27.20	1.34	1.32	1.37	1.29	0.67		34.17	2.27	3.19	3.31	2.88	1.53		45.05	5.83	10.88	11.03	11.33	5.12
600000	29.85	2.51	1.28	1.33	1.34	1.27		36.66	4.35	3.10	3.14	2.80	2.87		50.41	11.03	9.78	9.88	9.58	9.78
700000	36.71	2.64	2.56	2.53	2.61	1.31		45.65	4.32	5.92	5.92	5.40	2.83		60.99	11.36	19.27	19.64	18.69	9.81
800000	45.54	2.52	2.51	2.56	2.59	1.29		54.42	4.39	5.89	6.01	5.50	2.83		70.53	11.22	19.20	19.57	19.39	9.78
900000	53.09	2.55	2.47	2.59	2.54	1.28		64.70	4.46	6.49	7.17	6.14	2.90		83.42	11.11	19.40	19.69	19.02	9.72
1000000	63.21	2.52	2.62	2.59	2.64	1.28		73.88	4.36	6.01	6.07	5.38	2.88		93.45	11.11	19.74	19.39	18.88	10.13
