Key:	UM = unordered_map
	Ch = separate chaining with an element pool and free-list
	OL = open addressing with linear probing
	DO1 = "data-oriented": OA, linear, with hashes stored separately from keys and values
	DO2 = "data-oriented": OA, linear, with hashes, keys, and values all separate

Fill time (ms)	8 bytes						32 bytes						128 bytes						1K bytes						4K bytes
Elem count	UM	Ch	OL	DO1	DO2	D0	D1		UM	Ch	OL	DO1	DO2	D0	D1		UM	Ch	OL	DO1	DO2	D0	D1		UM	Ch	OL	DO1	DO2	D0	D1		UM	Ch	OL	DO1	DO2	D0	D1
100000	16.31	5.24	6.87	7.51	7.36	4.11	7.14		24.63	10.21	14.60	12.28	11.96	5.31	11.28		27.72	26.56	45.69	36.78	36.24	16.71	35.15
200000	41.02	12.96	17.37	18.06	16.60	9.33	14.92		53.55	21.60	30.96	27.42	26.23	12.76	23.57		68.36	58.11	91.59	75.20	73.78	34.99	72.09
300000	82.85	26.01	20.12	20.02	20.66	19.29	18.20		99.38	42.99	38.23	32.40	32.02	27.55	28.87		124.70	120.46	105.79	85.39	85.16	76.07	82.97
400000	108.29	29.17	35.63	34.76	35.91	20.34	31.12		126.26	47.20	66.20	57.49	57.34	29.30	51.77		154.33	124.66	191.82	158.39	157.20	75.25	149.65
500000	133.22	31.56	41.22	40.24	41.56	20.63	36.11		152.30	49.51	74.40	63.95	62.97	30.29	57.86		186.75	130.04	206.04	167.64	166.88	84.87	158.52
600000	199.38	62.64	47.62	46.29	49.16	44.08	42.79		228.55	101.38	83.40	71.01	71.68	62.64	64.34		266.47	261.89	223.01	179.44	179.37	150.82	167.26
700000	218.75	65.71	74.63	70.99	73.99	46.39	67.11		258.86	105.91	133.70	117.73	116.58	64.76	104.19		302.81	259.77	377.53	318.39	319.95	157.28	299.68
800000	250.37	69.48	80.88	77.77	82.71	48.00	73.52		284.79	111.67	140.62	123.82	127.18	67.01	111.88		328.37	268.06	392.16	327.14	326.47	162.97	311.68
900000	265.57	73.23	86.68	84.67	88.84	53.67	81.04		304.87	115.22	149.69	131.38	131.66	68.38	118.03		361.40	275.51	415.29	339.29	339.42	167.69	319.98
1000000	298.80	78.48	93.91	91.34	96.67	50.27	85.05		334.79	121.33	158.86	139.58	141.27	72.29	127.10		396.52	284.76	429.73	351.55	352.02	189.56	331.58

Presized fill time (ms)	8 bytes						32 bytes						128 bytes						1K bytes						4K bytes
Elem count	UM	Ch	OL	DO1	DO2	D0	D1		UM	Ch	OL	DO1	DO2	D0	D1		UM	Ch	OL	DO1	DO2	D0	D1		UM	Ch	OL	DO1	DO2	D0	D1		UM	Ch	OL	DO1	DO2	D0	D1
100000	9.56	2.29	3.29	3.25	3.48	1.01	2.59		11.54	4.93	7.76	7.28	7.23	2.00	6.45		17.34	13.61	23.63	19.16	19.33	8.41	17.39
200000	29.45	8.04	10.32	10.66	11.06	2.59	7.55		32.44	10.73	18.09	16.31	17.66	4.82	14.93		40.07	26.78	48.22	39.91	40.76	17.37	35.69
300000	48.66	16.99	15.00	14.97	16.05	5.43	11.39		52.82	21.87	26.01	22.33	24.30	9.90	20.64		61.21	50.56	62.65	50.52	51.60	37.55	46.83
400000	71.49	18.15	23.83	25.07	26.81	6.01	21.71		76.92	24.75	39.24	37.50	38.88	13.08	34.04		90.10	58.41	101.31	83.88	84.75	42.37	74.28
500000	94.37	19.15	29.77	31.18	33.45	7.06	27.48		104.44	31.00	48.03	44.87	46.45	15.19	41.26		123.57	64.62	115.90	94.93	96.24	46.81	84.40
600000	107.03	36.59	36.01	36.92	40.56	14.30	33.14		115.31	48.15	55.78	51.01	54.49	26.38	47.24		135.12	107.30	131.01	109.42	109.26	78.74	96.18
700000	131.57	38.57	46.51	49.35	53.78	17.86	43.97		142.95	55.01	74.96	70.99	74.16	29.03	66.09		164.43	113.61	193.10	165.13	163.89	84.01	142.12
800000	153.65	43.83	52.92	55.54	59.93	17.03	51.25		169.01	57.83	82.76	77.92	81.76	30.82	72.30		198.24	119.55	206.95	171.88	174.98	91.12	154.09
900000	180.27	48.57	58.80	62.54	68.27	22.56	56.73		198.92	63.06	92.93	84.74	89.48	34.74	78.93		228.89	126.90	222.12	183.24	187.72	97.41	164.87
1000000	211.59	51.96	65.28	69.83	75.30	20.87	62.92		226.24	67.89	100.50	92.31	97.69	35.48	86.91		262.06	134.47	242.64	196.15	200.54	103.06	174.72

Time for 100K lookups (ms)	8 bytes						32 bytes						128 bytes						1K bytes						4K bytes
Elem count	UM	Ch	OL	DO1	DO2	D0	D1		UM	Ch	OL	DO1	DO2	D0	D1		UM	Ch	OL	DO1	DO2	D0	D1		UM	Ch	OL	DO1	DO2	D0	D1		UM	Ch	OL	DO1	DO2	D0	D1
100000	3.40	3.00	1.96	2.01	2.08	2.45	1.79		5.35	3.77	3.29	3.35	3.51	2.53	2.59		6.06	6.66	6.02	5.12	4.99	3.37	3.92
200000	6.09	5.79	3.18	3.54	4.16	2.52	2.54		7.26	6.38	4.51	4.93	5.00	3.60	4.12		7.43	8.11	6.28	5.93	5.97	4.49	5.13
300000	7.32	6.67	3.94	4.30	4.74	3.04	3.05		7.76	7.17	5.56	5.69	5.64	4.53	4.75		7.97	8.43	7.56	6.27	6.31	5.66	5.33
400000	7.61	7.69	4.59	5.17	5.64	4.17	4.13		8.34	8.32	5.28	6.01	6.05	6.02	4.98		8.82	9.80	6.72	6.31	6.33	6.75	5.49
500000	8.35	8.67	4.67	5.34	5.69	5.89	4.31		9.19	9.53	5.66	6.31	6.34	6.58	5.22		9.30	10.54	7.80	7.04	6.78	6.66	5.67
600000	7.88	7.90	4.91	5.64	6.13	5.37	4.61		8.47	8.49	6.15	6.68	6.58	6.24	5.44		8.60	9.10	8.04	7.21	7.17	7.03	5.98
700000	8.28	8.38	4.79	5.48	6.09	6.36	4.68		9.05	8.99	5.35	6.31	6.33	6.65	5.35		8.89	9.62	6.83	6.70	6.67	6.85	5.85
800000	8.60	9.10	4.84	5.57	6.21	7.04	4.75		9.32	9.55	5.56	6.41	6.45	7.05	5.38		9.24	10.47	7.04	6.93	6.81	7.82	5.90
900000	9.15	9.88	5.07	5.73	6.25	7.08	4.96		9.56	10.26	5.78	6.56	6.58	7.76	5.64		9.75	11.09	7.30	6.90	6.98	7.97	6.04
1000000	9.32	10.61	5.27	6.09	6.57	7.77	5.04		10.27	10.88	6.24	6.86	6.72	8.12	5.62		10.12	11.92	7.60	7.20	7.35	8.71	6.24

Time for 100K failed lookups (ms)	8 bytes						32 bytes						128 bytes						1K bytes						4K bytes
Elem count	UM	Ch	OL	DO1	DO2	D0	D1		UM	Ch	OL	DO1	DO2	D0	D1		UM	Ch	OL	DO1	DO2	D0	D1		UM	Ch	OL	DO1	DO2	D0	D1		UM	Ch	OL	DO1	DO2	D0	D1
100000	2.98	3.11	2.74	2.55	2.51	2.51	2.27		3.76	3.85	4.35	2.59	2.72	2.54	2.36		4.31	5.26	6.11	2.88	2.82	2.58	2.46
200000	4.87	4.75	3.94	3.21	3.34	2.58	3.04		5.60	6.26	5.59	3.21	3.41	2.93	2.83		5.56	7.89	7.30	4.65	4.16	2.98	3.01
300000	5.12	5.55	4.88	3.69	3.70	2.73	3.25		5.38	6.32	7.40	4.28	3.74	3.02	3.19		5.49	6.94	8.80	3.83	3.99	3.23	3.46
400000	6.05	7.00	5.02	4.46	4.40	3.48	3.85		6.32	7.86	6.54	4.97	4.45	4.14	4.82		6.91	9.26	7.55	5.20	4.88	3.95	4.04
500000	7.09	8.61	5.71	4.82	4.77	4.30	4.27		7.16	9.52	7.14	4.63	4.96	5.61	4.30		7.34	10.57	8.18	5.64	5.33	4.93	4.44
600000	5.80	7.14	6.82	5.30	5.24	4.34	4.86		6.02	7.49	8.77	5.31	5.65	4.63	4.95		6.33	8.28	9.47	5.46	5.45	4.64	5.01
700000	6.23	7.96	5.23	5.23	4.88	4.85	4.30		6.58	8.30	6.96	5.29	5.20	5.13	4.25		6.77	9.44	7.73	5.34	5.21	5.07	4.34
800000	6.90	8.86	5.86	5.89	5.28	5.49	4.64		7.30	8.97	7.00	5.42	5.38	5.64	4.66		7.23	9.62	7.81	5.61	5.43	5.86	4.95
900000	7.26	9.26	5.93	5.34	5.75	6.56	4.86		7.66	10.54	7.68	5.96	5.72	6.53	4.93		7.68	10.64	8.04	5.84	5.47	6.15	4.92
1000000	7.91	10.02	6.67	6.35	5.65	6.77	5.34		8.25	10.82	7.72	5.62	6.05	7.24	5.36		7.99	11.49	8.66	6.20	6.14	7.04	5.80

Time to remove half the elements (ms)	8 bytes						32 bytes						128 bytes						1K bytes						4K bytes
Elem count	UM	Ch	OL	DO1	DO2	D0	D1		UM	Ch	OL	DO1	DO2	D0	D1		UM	Ch	OL	DO1	DO2	D0	D1		UM	Ch	OL	DO1	DO2	D0	D1		UM	Ch	OL	DO1	DO2	D0	D1
100000	4.75	1.93	1.59	1.44	1.38	1.59	1.17		6.59	2.19	2.05	1.93	1.43	1.58	1.37		8.06	4.20	3.15	2.61	1.69	1.77	1.36
200000	16.25	5.92	3.59	4.39	4.01	3.26	2.86		18.23	8.51	5.78	5.49	3.99	3.77	3.15		20.22	10.74	7.74	5.89	4.19	3.77	3.18
300000	28.33	12.89	6.72	7.27	6.84	5.43	4.93		30.52	15.76	10.99	9.18	6.69	5.56	5.03		32.20	17.43	14.19	10.24	7.20	5.76	5.04
400000	41.33	23.63	10.65	11.85	11.21	12.54	8.28		42.51	26.23	14.84	13.77	12.21	11.37	7.99		45.68	28.31	16.84	13.44	10.78	10.12	7.96
500000	56.31	34.94	14.20	15.27	15.22	15.58	11.06		57.15	37.77	19.32	18.26	15.55	17.42	10.48		59.43	41.82	23.43	17.81	14.28	16.49	10.24
600000	65.33	37.46	19.44	19.84	19.35	22.62	14.03		66.50	42.36	25.27	22.15	19.93	22.84	14.09		69.84	42.54	29.67	23.61	19.54	22.73	13.68
700000	80.45	50.17	20.72	21.55	22.14	31.26	16.54		79.40	50.52	25.15	24.70	21.38	31.48	16.80		84.68	54.83	29.86	25.25	21.13	29.98	16.45
800000	92.41	60.24	24.13	25.71	26.22	42.28	19.78		96.02	62.71	30.33	28.75	25.66	39.50	19.86		99.22	67.53	35.27	30.45	25.51	39.28	19.20
900000	107.60	72.43	27.91	29.94	30.27	48.67	22.89		108.40	77.63	35.33	33.34	30.01	50.83	24.07		113.72	81.50	41.13	35.09	29.86	49.64	22.28
1000000	122.59	86.08	32.62	34.38	34.36	61.22	28.49		122.65	90.16	41.10	39.24	34.43	65.56	27.48		128.34	98.58	48.38	39.88	34.35	63.53	25.66

Destruction time (ms)	8 bytes						32 bytes						128 bytes						1K bytes						4K bytes
Elem count	UM	Ch	OL	DO1	DO2		UM	Ch	OL	DO1	DO2		UM	Ch	OL	DO1	DO2		UM	Ch	OL	DO1	DO2		UM	Ch	OL	DO1	DO2
100000	2.67	0.22	0.21	0.24	0.21	0.05	0.19		4.14	0.54	0.74	0.77	0.72	0.20	0.68		7.09	1.67	2.76	2.71	2.63	1.33	2.54
200000	7.59	0.67	0.68	0.70	0.71	0.33	0.52		12.34	1.16	1.72	1.63	1.52	0.73	1.39		16.87	3.02	5.02	5.42	5.00	2.74	4.95
300000	13.77	1.30	0.70	0.69	0.68	0.66	0.48		17.78	2.24	1.67	1.68	1.47	1.55	1.37		24.25	5.84	4.97	5.71	5.01	5.15	4.81
400000	20.20	1.30	1.38	1.34	1.32	0.68	1.01		26.10	2.32	3.15	3.21	3.00	1.55	2.66		34.88	5.82	9.84	11.10	10.68	5.15	9.59
500000	29.42	1.38	1.32	1.40	1.35	0.65	1.04		35.64	2.45	3.25	3.25	2.86	1.57	2.65		45.31	5.93	9.82	11.31	10.07	5.01	9.38
600000	31.63	2.48	1.33	1.32	1.39	1.29	1.03		38.19	4.95	3.36	3.40	2.80	2.92	2.58		51.05	11.08	10.28	11.06	10.76	10.56	9.37
700000	39.18	2.66	2.61	2.69	2.63	1.31	2.00		46.83	4.79	6.51	6.48	5.88	2.90	5.00		61.65	12.89	22.73	21.79	19.36	10.09	18.80
800000	47.07	2.57	2.67	2.71	2.65	1.25	2.04		55.73	4.30	6.36	6.70	6.40	2.81	5.27		71.55	12.67	21.52	22.12	21.30	9.87	19.94
900000	56.40	2.52	2.63	2.60	2.56	1.29	1.98		65.16	4.36	6.43	7.06	5.73	2.89	4.70		83.32	11.46	22.72	19.84	19.03	9.72	18.70
1000000	63.29	2.58	2.45	2.61	2.58	1.32	1.94		75.15	4.98	6.01	6.62	6.15	3.15	4.71		96.28	11.59	20.92	21.06	19.61	11.36	19.76
