Key:	UM = unordered_map
	Ch = separate chaining with an element pool and free-list
	OL = open addressing with linear probing
	DO1 = "data-oriented": OA, linear, with hashes stored separately from keys and values
	DO2 = "data-oriented": OA, linear, with hashes, keys, and values all separate

Fill time (ms)	8 bytes						32 bytes						128 bytes						1K bytes						4K bytes
Elem count	UM	Ch	OL	DO1	DO2	D0		UM	Ch	OL	DO1	DO2	D0		UM	Ch	OL	DO1	DO2	D0		UM	Ch	OL	DO1	DO2	D0		UM	Ch	OL	DO1	DO2	D0
100000	16.30	7.19	10.04	10.52	10.05	7.09		20.35	10.95	16.65	15.04	16.12	11.66		31.58	28.07	48.01	39.56	40.25	21.02
200000	41.91	17.20	21.85	22.43	22.74	15.57		56.53	26.66	37.14	31.85	32.45	29.59		75.79	62.31	99.12	80.29	81.91	44.09
300000	91.56	34.99	30.40	28.20	30.73	31.81		108.48	53.41	49.74	39.95	41.95	49.48		134.90	122.69	116.37	92.55	94.82	89.91
400000	114.26	41.44	53.63	49.50	52.08	34.21		137.76	63.11	84.77	69.18	74.57	56.03		166.85	134.30	206.18	167.99	173.15	95.90
500000	143.38	48.08	63.51	58.22	61.23	36.48		164.83	62.76	98.37	77.99	83.66	57.16		199.01	140.35	223.05	182.53	189.07	108.49
600000	231.19	86.53	73.48	70.18	74.62	76.26		256.06	125.19	113.43	91.04	97.21	126.01		298.47	263.40	242.42	195.68	201.52	205.28
700000	237.65	87.90	104.40	101.43	107.51	78.75		274.38	127.10	167.36	139.03	149.13	123.84		313.54	272.34	400.51	334.62	341.89	213.73
800000	273.91	96.52	119.63	116.36	123.53	89.95		304.44	136.65	186.32	154.28	162.67	136.05		345.68	280.63	423.23	350.15	357.94	219.67
900000	286.53	97.16	126.56	127.06	131.01	82.05		321.75	136.80	194.81	161.55	169.34	133.29		379.20	290.08	440.62	363.65	375.80	238.67
1000000	330.84	107.94	146.70	137.43	147.48	93.69		365.72	147.36	209.88	171.39	191.56	139.61		411.65	298.53	460.52	378.18	393.58	236.79

Presized fill time (ms)	8 bytes						32 bytes						128 bytes						1K bytes						4K bytes
Elem count	UM	Ch	OL	DO1	DO2	D0		UM	Ch	OL	DO1	DO2	D0		UM	Ch	OL	DO1	DO2	D0		UM	Ch	OL	DO1	DO2	D0		UM	Ch	OL	DO1	DO2	D0
100000	9.86	2.88	4.36	4.62	4.52	2.20		13.88	4.10	7.74	6.97	6.49	3.58		17.64	12.14	20.00	14.24	14.60	7.15
200000	27.88	7.41	11.10	12.01	11.20	4.87		36.05	11.13	22.99	16.15	19.20	7.70		42.80	24.05	45.36	32.91	34.31	15.76
300000	48.87	13.35	21.53	21.28	23.47	7.90		54.90	17.86	38.35	27.12	31.41	12.97		65.74	39.79	70.72	55.07	57.04	26.03
400000	72.35	18.24	33.60	32.87	36.96	11.15		80.90	26.10	53.40	38.80	45.28	19.04		94.68	56.68	94.02	73.01	76.56	36.35
500000	94.09	24.37	44.71	43.01	47.89	14.54		104.37	33.75	67.42	51.83	58.57	24.02		128.15	70.91	120.39	96.15	100.52	50.22
600000	109.31	31.51	57.28	54.98	60.86	18.07		117.94	42.07	82.63	63.97	71.65	29.00		139.79	85.81	141.54	115.81	124.23	64.73
700000	131.97	39.24	66.49	67.60	74.58	22.70		143.04	50.35	97.74	77.03	86.52	36.87		168.96	104.93	174.25	138.17	150.07	82.14
800000	160.99	51.06	84.84	81.38	90.62	28.89		175.43	61.74	116.59	93.72	104.52	47.16		205.93	119.54	192.92	156.07	164.74	87.94
900000	180.94	55.75	90.22	91.65	100.36	31.72		198.87	68.69	129.03	103.35	113.77	51.32		241.27	137.09	227.85	182.19	192.97	107.01
1000000	215.44	64.62	108.39	107.62	118.76	41.29		241.27	79.36	144.02	117.73	128.38	60.07		268.45	151.01	242.05	200.99	212.68	122.05

Time for 100K lookups (ms)	8 bytes						32 bytes						128 bytes						1K bytes						4K bytes
Elem count	UM	Ch	OL	DO1	DO2	D0		UM	Ch	OL	DO1	DO2	D0		UM	Ch	OL	DO1	DO2	D0		UM	Ch	OL	DO1	DO2	D0		UM	Ch	OL	DO1	DO2	D0
100000	4.01	4.52	3.79	3.95	3.92	4.00		6.02	4.86	5.72	4.32	4.66	4.32		7.82	8.09	8.76	7.57	6.84	6.22
200000	7.80	5.75	4.13	4.23	4.43	4.14		8.88	7.90	7.32	7.04	7.65	6.89		9.67	10.07	10.90	9.17	9.04	8.60
300000	8.85	8.33	5.47	6.09	6.22	4.80		9.88	9.82	8.90	8.45	8.88	8.53		10.18	11.06	12.03	10.71	10.13	9.25
400000	9.59	9.28	7.28	8.31	7.57	6.50		10.65	10.38	9.74	9.70	10.10	9.75		10.88	11.49	12.45	10.76	10.82	10.53
500000	10.66	10.59	7.38	9.05	8.70	7.75		11.86	11.19	10.10	10.19	10.30	10.23		11.66	12.54	12.77	11.07	10.86	11.14
600000	10.24	11.19	7.83	8.92	9.42	8.77		10.91	11.70	10.31	10.71	10.64	11.25		10.97	12.30	12.90	11.78	10.95	11.58
700000	10.44	11.27	8.50	9.42	10.15	9.79		11.45	11.51	10.72	11.13	10.73	11.66		11.63	12.76	13.24	12.48	11.52	11.98
800000	10.88	12.36	9.04	9.92	10.19	10.04		11.99	12.28	11.07	11.14	11.35	11.84		11.68	13.05	14.20	12.20	11.48	12.77
900000	11.58	11.80	9.82	10.23	10.72	11.05		12.80	12.51	11.16	11.92	12.08	12.52		12.42	13.62	14.10	12.52	11.98	12.92
1000000	11.83	12.30	9.40	10.03	11.01	10.78		12.84	12.45	10.96	11.44	11.66	12.28		12.71	12.89	12.98	12.36	12.25	12.84

Time for 100K failed lookups (ms)	8 bytes						32 bytes						128 bytes						1K bytes						4K bytes
Elem count	UM	Ch	OL	DO1	DO2	D0		UM	Ch	OL	DO1	DO2	D0		UM	Ch	OL	DO1	DO2	D0		UM	Ch	OL	DO1	DO2	D0		UM	Ch	OL	DO1	DO2	D0
100000	3.76	4.18	5.25	5.08	4.97	4.11		4.67	4.56	6.43	5.02	5.09	4.16		6.12	5.91	10.01	5.04	5.05	4.67
200000	6.57	5.51	5.68	5.57	5.10	4.19		6.87	7.85	10.55	5.34	5.28	5.37		7.18	7.39	12.38	5.18	5.28	5.42
300000	7.18	7.76	7.75	5.54	5.60	4.53		6.93	8.09	11.34	5.44	5.66	6.05		7.05	8.62	13.63	5.55	5.80	6.34
400000	7.69	7.87	8.85	5.83	5.95	5.36		8.17	8.73	12.52	5.92	6.09	6.54		8.61	9.42	13.96	6.36	6.28	6.83
500000	8.76	8.72	9.39	6.70	7.49	5.78		8.97	8.91	12.41	6.54	6.92	7.04		9.44	9.83	14.99	7.06	7.06	7.53
600000	7.67	8.98	10.08	7.11	7.36	6.65		7.91	9.30	12.56	7.31	7.69	7.61		7.99	10.06	14.80	7.46	7.52	8.07
700000	8.15	9.59	10.73	7.99	8.66	6.98		8.41	10.11	12.85	8.52	9.41	8.94		8.50	10.86	15.52	8.18	8.51	8.51
800000	8.48	10.25	10.96	8.67	8.66	8.43		8.82	10.18	13.58	8.60	8.55	8.50		9.28	11.35	15.79	9.03	8.74	8.57
900000	9.19	10.46	11.25	10.12	9.25	8.34		9.73	10.38	13.27	9.43	8.91	9.24		9.79	10.84	15.41	9.38	9.15	9.18
1000000	9.95	10.26	11.56	9.52	9.34	8.48		10.00	10.63	13.16	9.38	9.48	9.26		10.25	11.39	17.16	9.99	9.87	9.80

Time to remove half the elements (ms)	8 bytes						32 bytes						128 bytes						1K bytes						4K bytes
Elem count	UM	Ch	OL	DO1	DO2	D0		UM	Ch	OL	DO1	DO2	D0		UM	Ch	OL	DO1	DO2	D0		UM	Ch	OL	DO1	DO2	D0		UM	Ch	OL	DO1	DO2	D0
100000	5.03	2.38	2.40	2.43	2.36	1.98		7.14	3.17	2.95	2.65	2.55	2.06		9.06	5.41	4.97	4.08	2.62	2.57
200000	18.58	8.47	5.35	5.48	5.10	4.30		21.08	12.41	10.19	9.17	7.21	5.52		22.06	14.65	13.43	9.86	6.44	5.74
300000	30.88	17.33	9.91	10.76	8.96	7.42		31.23	20.89	16.80	15.82	13.62	9.55		34.23	24.10	20.83	15.76	11.55	9.35
400000	43.60	28.17	16.71	17.58	15.17	9.99		45.20	30.80	23.64	20.50	17.42	14.49		48.92	34.58	28.76	23.73	19.08	15.49
500000	58.24	37.66	23.19	24.16	21.60	15.74		59.78	40.80	30.87	27.57	24.45	20.81		63.63	44.09	38.64	31.51	25.50	21.98
600000	72.86	51.90	31.84	32.96	29.18	22.99		72.12	53.34	39.56	35.65	32.35	29.37		77.10	54.71	45.56	37.12	30.41	27.13
700000	83.88	59.03	36.30	37.62	35.44	28.33		85.70	61.71	45.81	41.75	37.64	34.46		89.63	65.56	53.80	44.80	38.26	36.71
800000	99.63	68.91	43.51	44.77	42.06	36.64		99.18	71.91	53.98	49.66	46.81	45.61		108.95	79.51	65.60	54.84	47.14	44.58
900000	117.67	77.83	50.03	51.58	48.75	43.71		114.38	82.65	61.06	56.63	52.88	49.43		121.79	87.80	70.25	59.23	54.13	49.12
1000000	131.02	88.77	57.18	58.37	55.79	50.36		130.68	93.04	67.57	64.44	57.79	56.85		139.19	98.04	79.17	67.66	58.10	56.31

Destruction time (ms)	8 bytes						32 bytes						128 bytes						1K bytes						4K bytes
Elem count	UM	Ch	OL	DO1	DO2		UM	Ch	OL	DO1	DO2		UM	Ch	OL	DO1	DO2		UM	Ch	OL	DO1	DO2		UM	Ch	OL	DO1	DO2
100000	2.55	0.14	0.11	0.12	0.06	0.00		4.45	0.31	0.36	0.38	0.40	0.19		7.60	1.15	1.55	1.60	1.59	1.06
200000	7.56	0.40	0.33	0.33	0.31	0.09		11.58	0.83	0.90	0.97	0.98	0.62		16.73	2.27	2.99	2.95	2.97	2.03
300000	13.66	0.75	0.55	0.56	0.59	0.37		17.78	1.27	1.37	1.37	1.38	1.01		24.69	3.36	4.35	4.31	4.29	3.14
400000	20.08	0.99	0.74	0.76	0.76	0.50		26.53	1.72	1.79	1.80	1.81	1.34		34.92	4.44	5.74	5.70	5.62	4.10
500000	28.20	1.22	0.94	0.97	0.96	0.62		35.02	2.14	2.16	2.46	2.23	1.69		45.59	5.64	7.56	6.99	7.02	4.99
600000	31.21	1.44	1.09	1.11	1.17	0.76		38.74	2.46	2.57	2.60	2.59	2.04		52.54	6.43	8.46	8.53	8.27	6.10
700000	38.07	1.67	1.26	1.33	1.34	0.85		46.04	3.03	2.98	3.01	3.08	2.36		62.58	7.50	9.56	9.86	9.83	6.75
800000	45.41	1.95	1.44	1.49	1.52	0.98		55.27	3.32	3.39	3.48	3.52	2.61		72.15	8.38	10.85	10.69	10.86	7.91
900000	53.83	2.17	1.59	1.63	1.66	1.11		64.92	3.59	3.73	3.79	3.87	2.96		84.81	9.17	12.56	12.50	11.94	8.97
1000000	63.27	2.47	1.79	1.82	1.80	1.21		74.55	3.97	4.16	4.24	4.13	3.29		97.27	10.62	14.20	14.05	14.94	9.68
